#Data from 2015-7-27 at 10:44:54
Timestamp,PMT
1124715377,26.34128
1124722778,27.1909
1124730177,26.65089
1124737577,26.55978
1124744978,26.7071
1124752376,26.7384
1124759776,26.47607
1124767177,26.27406
1124774578,26.50608
1124781978,26.64929
1124789377,26.35476
1124796776,26.33228
1124804178,26.36113
1124811577,26.65501
1124818978,26.57683
1124826377,26.22138
1124833776,26.65109
1124841177,26.30442
1124848577,26.65152
1124855976,26.46476
1124863377,26.41802
1124870776,26.65359
1124878178,26.71406
1124885577,26.52314
1124892977,26.4326
1124900376,26.48952
1124907776,26.57128
1124915176,27.01476
1124922576,26.77715
1124929977,26.51148
1124937376,26.75259
1124944776,26.37975
1124952176,26.37039
1124959577,26.55273
1124966978,26.55964
1124974377,26.54013
1124981780,26.45521
1124989178,26.71531
1124996576,26.55427
1125003979,26.30867
1125011377,26.27126
1125018776,26.73513
1125026178,26.27998
1125033578,26.59649
1125040976,26.36461
1125048377,26.52259
1125055777,26.44646
1125063178,26.37347
1125070578,26.45641
1125077978,26.39487
1125085376,26.30755
1125092778,26.60277
1125100178,26.25735
1125107578,27.01277
1125114976,26.55335
1125122376,26.3027
1125129779,26.82446
1125137178,26.2016
1125144578,26.16412
1125151978,26.34228
1125159376,26.15295
1125166776,26.57648
1125174176,26.48644
1125181578,26.89756
1125188977,26.33225
1125196380,26.44974
1125203779,26.37149
1125211178,26.37902
1125218577,26.59577
1125225977,26.36602
1125233376,26.79496
1125240777,26.41242
1125248178,26.69626
1125255578,26.62898
1125262976,26.95415
1125270378,26.64738
1125277776,26.39801
1125285178,26.33856
1125292577,26.6481
1125299976,27.06543
1125307376,26.8054
1125314780,26.74604
1125322177,26.68026
1125329578,26.84744
1125336976,26.30724
1125344378,26.51529
1125351778,26.4707
1125359176,26.52357
1125366577,26.26783
1125373976,26.02353
1125381377,26.33356
1125388776,26.68861
1125396178,26.41533
1125403577,26.71692
1125410976,26.22655
1125418378,26.63176
1125425779,26.21086
1125433176,26.52401
1125440577,26.66786
1125447977,26.26002
1125455377,26.22638
1125462776,26.63265
1125470178,26.43861
1125477577,26.59206
1125484977,26.52431
1125492376,26.38917
1125499780,26.49163
1125507176,26.42527
1125514577,26.14009
1125521976,26.3802
1125529377,26.83481
1125536776,26.47349
1125544178,26.29166
1125551577,26.39976
1125558976,26.27871
1125566376,26.57248
1125573777,26.64892
1125581176,26.76311
1125588578,26.66964
1125595980,26.58579
1125603380,26.53133
1125610776,25.91746
1125618178,26.69693
1125625578,26.57561
1125632977,26.61868
1125640377,26.29674
1125647776,26.6133
1125655178,26.47977
1125662577,26.78691
1125669978,26.42179
1125677376,26.7716
1125684777,26.34449
1125692176,26.29361
1125699577,26.53029
1125706978,26.62805
1125714378,26.765
1125721776,26.41828
1125729177,26.42853
1125736577,26.22967
1125743976,26.28993
1125751378,26.37335
1125758778,26.50929
1125766178,26.23514
1125773577,26.1922
1125780976,26.60932
1125788376,26.6785
1125795778,26.48414
1125803178,26.60015
1125810576,26.62601
1125817976,26.32307
1125825376,26.58702
1125832779,26.89261
1125840176,26.34599
1125847577,26.65511
1125854978,26.26825
1125862378,27.24092
1125869776,26.37458
1125877177,26.46576
1125884577,26.66791
1125891976,26.5686
1125899377,26.30597
1125906779,25.92478
1125914177,26.56875
1125921577,26.3944
1125928976,26.44753
1125936376,26.65803
1125943779,26.62642
1125951178,26.2208
1125958576,26.49964
1125965978,26.43247
1125973378,26.91968
1125980779,26.5889
1125988176,26.57545
1125995580,26.66279
1126002977,26.52221
1126010376,26.71194
1126017780,26.34785
1126025177,26.39075
1126032577,26.4432
1126039976,26.44331
1126047377,26.26622
1126054776,26.65326
1126062177,26.73832
1126069577,26.17664
1126076977,26.60324
1126084377,26.45447
1126091776,26.94494
1126099177,26.53313
1126106578,26.61176
1126113976,26.83106
1126121376,26.68278
1126128779,26.61349
1126136177,26.68058
1126143577,26.60745
1126150976,26.35201
1126158377,26.6964
1126165778,26.32363
1126173178,26.11448
1126180577,26.43307
1126187976,26.60782
1126195376,26.78223
1126202779,26.77805
1126210176,26.38121
1126217577,26.61677
1126224977,26.50029
1126232376,27.17754
1126239776,26.56927
1126247176,26.66829
1126254577,26.46107
1126261976,26.1791
1126269378,26.44994
1126276777,26.66876
1126284178,26.33751
1126291577,26.76624
1126298976,26.91501
1126306376,26.55791
1126313779,26.53835
1126321177,26.55283
1126328577,26.14916
1126335977,26.55116
1126343378,26.31438
1126350779,26.38052
1126358178,26.40555
1126365578,26.49208
1126372977,26.81003
1126380376,26.26106
1126387776,26.96066
1126395176,26.57828
1126402577,26.2994
1126409976,26.59852
1126417378,26.61974
1126424779,26.55751
1126432176,26.72788
1126439577,26.70538
1126446976,26.49761
1126454376,26.6316
1126461780,26.83512
1126469177,26.71959
1126476578,26.5929
1126483977,26.68834
1126491377,26.35596
1126498776,26.25685
1126506177,26.25374
1126513577,26.36068
1126520977,26.33185
1126528378,26.15042
1126535776,26.61796
1126543178,26.68443
1126550577,26.72261
1126557978,26.56186
1126565376,26.49395
1126572777,26.98801
1126580178,26.4045
1126587577,26.4105
1126594980,26.91467
1126602376,26.46534
1126609776,26.87576
1126617177,26.75609
1126624577,26.13396
1126631977,26.38218
1126639376,26.40532
1126646776,26.50028
1126654176,26.62142
1126661577,26.79256
1126668977,26.73762
1126676376,26.49448
1126683778,26.33578
1126691176,26.4762
1126698576,26.30417
1126705976,26.77743
1126713377,26.39041
1126720776,26.37565
1126728177,26.56549
1126735577,26.89437
1126742977,26.65521
1126750377,26.32178
1126757777,26.56937
1126765177,26.52616
1126772577,26.40199
1126779978,26.17509
1126787376,26.70537
1126794776,26.64654
1126802176,26.2794
1126809578,25.99628
1126816976,26.45824
1126824376,26.76256
1126831778,26.49738
1126839177,26.53694
1126846577,26.78526
1126853976,26.28728
1126861377,26.5359
1126868776,26.2578
1126876177,26.24433
1126883577,26.13809
1126890976,26.28812
1126898376,26.23169
1126905780,26.83399
1126913178,26.2386
1126920577,26.30358
1126927978,26.37049
1126935377,26.72998
1126942776,26.38156
1126950178,26.4641
1126957578,26.7987
1126964976,26.55244
1126972377,26.5867
1126979778,26.65139
1126987178,26.72248
1126994577,26.50226
1127001976,26.76993
1127009377,26.8306
1127016779,26.51138
1127024177,26.39162
1127031578,26.45926
1127038976,26.68605
1127046377,26.37651
1127053777,26.37024
1127061177,26.3684
1127068577,26.03618
1127075978,26.40804
1127083376,26.45906
1127090780,26.67463
1127098178,26.23597
1127105577,26.44801
1127112977,26.10044
1127120376,26.61033
1127127776,26.22874
1127135176,26.48921
1127142578,26.44368
1127149976,26.26786
1127157378,26.69315
1127164778,26.79399
1127172177,26.34734
1127179578,26.95738
1127186977,26.32502
1127194379,26.29863
1127201776,26.67474
1127209178,26.43013
1127216577,26.39345
1127223977,26.20972
1127231378,26.65743
1127238777,26.4248
1127246178,26.65106
1127253577,26.58705
1127260976,26.75734
1127268376,26.78453
1127275776,26.71612
1127283177,26.53127
1127290578,26.50277
1127297977,26.28538
1127305378,26.30765
1127312779,26.71422
1127320178,26.37489
1127327577,26.83474
1127334976,26.10303
1127342377,26.87681
1127349778,26.38997
1127357176,26.51403
1127364577,26.77681
1127371976,26.34437
1127379378,26.59995
1127386778,26.61621
1127394177,26.32065
1127401578,26.74046
1127408976,26.85976
1127416376,26.55187
1127423776,26.74581
1127431178,26.37906
1127438577,26.17753
1127445976,26.28922
1127453376,26.62011
1127460777,26.39485
1127468177,26.52389
1127475578,25.95746
1127482978,26.51656
1127490378,26.84672
1127497777,26.46223
1127505178,26.36776
1127512577,26.71582
1127519977,26.45164
1127527376,26.3297
1127534776,26.77122
1127542178,26.65579
1127549577,26.46896
1127556976,26.20197
1127564376,26.70729
1127571777,26.53045
1127579176,26.82935
1127586576,26.4121
1127593976,26.42724
1127601377,26.57794
1127608778,26.64125
1127616177,26.41655
1127623577,26.76118
1127630979,26.62785
1127638376,26.33237
1127645780,26.4924
1127653176,26.31171
1127660577,26.17093
1127667980,26.36901
1127675377,26.70966
1127682779,26.4917
1127690177,26.73315
1127697577,26.75634
1127704977,25.83088
1127712377,26.65903
1127719776,26.60508
1127727177,26.42232
1127734576,26.6092
1127741977,26.5643
1127749378,26.70025
1127756776,26.56735
1127764177,26.36598
1127771577,26.63647
1127778976,26.38311
1127786376,26.10215
1127793779,26.5448
1127801178,26.66506
1127808577,26.63943
1127815978,26.54967
1127823377,26.43102
1127830777,26.53373
1127838177,26.75462
1127845578,26.51447
1127852977,26.34051
1127860376,26.27056
1127867775,27.12518
1127875176,26.22806
1127882578,26.75212
1127889977,26.60922
1127897377,26.74455
1127904779,26.56882
1127912177,26.74909
1127919577,26.44685
1127926976,26.26603
1127934377,26.3067
1127941776,26.59612
1127949176,26.27987
1127956577,26.53713
1127963976,26.63758
1127971376,26.86836
1127978776,26.18991
1127986177,26.31368
1127993578,26.10104
1128000977,26.35268
1128008377,26.92111
1128015776,26.47216
1128023177,26.61832
1128030577,26.46167
1128037976,26.6841
1128045376,26.25805
1128052777,26.39246
1128060178,26.55877
1128067577,26.71012
1128074976,26.32821
1128082378,26.53828
1128089778,26.76159
1128097178,26.56261
1128104579,26.45108
1128111978,26.59219
1128119377,26.64509
1128126780,26.5218
1128134178,26.5371
1128141578,26.36057
1128148979,26.57983
1128156376,26.60497
1128163779,26.93989
1128171177,26.83938
1128178577,26.46437
1128185976,26.63799
1128193378,26.38463
1128200777,26.22165
1128208176,26.60606
1128215578,26.71891
1128222976,26.32083
1128230377,26.44451
1128237779,26.66628
1128245177,26.4363
1128252578,26.538
1128259977,26.93182
1128267376,26.42929
1128274776,26.53073
1128282178,26.56899
1128289577,26.4582
1128296978,26.5328
1128304376,26.2908
1128311776,26.67158
1128319177,26.64543
1128326578,26.1419
1128333977,26.31467
1128341376,26.71368
1128348777,27.26776
1128356178,26.89428
1128363577,26.38786
1128370978,26.48101
1128378378,26.55453
1128385777,26.49608
1128393176,26.44153
1128400577,26.07541
1128407977,26.62091
1128415376,26.34568
1128422776,26.34157
1128430176,26.53167
1128437577,26.3447
1128444976,26.45177
1128452378,26.45021
1128459776,26.21675
1128467177,26.26799
1128474577,26.24817
1128481976,26.67169
1128489377,26.66591
1128496780,26.61457
1128504178,26.80145
1128511577,26.13693
1128518979,26.70723
1128526376,26.27609
1128533776,26.39785
1128541178,26.42045
1128548577,26.50341
1128555977,26.42259
1128563377,26.61026
1128570780,26.82968
1128578177,26.56761
1128585577,26.17547
1128592978,26.37397
1128600376,26.6933
1128607776,26.17228
1128615177,26.80738
1128622577,25.84473
1128629976,26.37435
1128637378,27.28914
1128644780,26.19901
1128652176,26.66572
1128659578,26.67868
1128666977,26.78309
1128674376,26.63389
1128681777,26.19018
1128689177,26.58757
1128696578,26.61907
1128703976,26.29015
1128711378,26.69085
1128718778,25.99444
1128726178,26.10463
1128733577,26.85777
1128740978,26.47397
1128748377,26.14656
1128755779,26.4058
1128763176,26.44095
1128770578,26.71503
1128777976,27.31763
1128785377,26.41817
1128792781,26.41685
1128800178,26.52864
1128807577,26.35433
1128814977,26.29284
1128822378,26.5132
1128829779,26.53188
1128837178,26.50526
1128844577,26.45201
1128851976,26.38905
1128859376,26.88456
1128866778,26.46203
1128874177,26.2843
1128881577,26.07406
1128888976,26.06989
1128896377,26.6699
1128903777,26.4125
1128911177,26.60634
1128918577,26.3128
1128925977,26.50777
1128933376,26.79846
1128940777,26.82506
1128948178,26.31133
1128955577,26.31138
1128962977,26.7516
1128970377,26.13434
1128977777,26.548
1128985178,26.45302
1128992579,26.44172
1128999977,26.50102
1129007378,26.07191
1129014778,26.71988
1129022176,26.2252
1129029577,26.50093
1129036976,26.77192
1129044376,26.37997
1129051781,26.56059
1129059177,26.62911
1129066578,26.12385
1129073977,26.4999
1129081377,26.29681
1129088780,26.5838
1129096179,26.9602
1129103577,26.72288
1129110976,26.42236
1129118376,26.64125
1129125777,26.41204
1129133178,26.32013
1129140578,26.10744
1129147977,26.20904
1129155378,26.84892
1129162777,26.76581
1129170178,26.62033
1129177579,26.5629
1129184980,26.59979
1129192379,26.50696
1129199778,26.81001
1129207178,26.59631
1129214577,26.15245
1129221979,26.96324
1129229376,26.70123
1129236777,26.32862
1129244178,26.27482
1129251578,26.36898
1129258977,26.56536
1129266378,26.6282
1129273780,26.78804
1129281178,26.44471
1129288578,26.67012
1129295977,26.59435
1129303377,26.64483
1129310777,26.60905
1129318176,26.45284
1129325577,26.68163
1129332977,26.68583
1129340376,26.56336
1129347780,26.21396
1129355178,25.93343
1129362576,26.70264
1129369976,26.18623
1129377376,26.33475
1129384780,26.7648
1129392177,26.69565
1129399577,25.95675
1129406979,26.70582
1129414376,26.49195
1129421778,26.55034
1129429176,26.19354
1129436577,26.69833
1129443976,25.9865
1129451376,26.32574
1129458778,26.2451
1129466178,26.79836
1129473578,26.32186
1129480977,26.55366
1129488376,26.55069
1129495777,26.5702
1129503178,26.3828
1129510577,26.35883
1129517976,26.39539
1129525376,26.53186
1129532779,26.81045
1129540176,26.40823
1129547577,26.37375
1129554980,26.46759
1129562376,26.27008
1129569779,26.32697
1129577178,26.53835
1129584577,26.13678
1129591979,26.52587
1129599376,26.38854
1129606778,26.38958
1129614178,26.72629
1129621577,26.62005
1129628976,26.53015
1129636376,26.76601
1129643777,26.3893
1129651177,26.45005
1129658577,26.37086
1129665976,26.88435
1129673376,26.63116
1129680780,26.57212
1129688177,26.69747
1129695577,26.69656
1129702977,26.29902
1129710378,26.09175
1129717781,26.70517
1129725177,26.15075
1129732578,26.61905
1129739976,26.37556
1129747376,26.52258
1129754781,26.23233
1129762178,26.35233
1129769577,26.08909
1129776977,26.6097
1129784376,26.64039
1129791780,26.60449
1129799178,26.71142
1129806577,26.51744
1129813976,26.83312
1129821377,26.04884
1129828781,26.72829
1129836177,27.00222
1129843577,26.29781
1129850977,26.42746
1129858378,26.36571
1129865777,26.50577
1129873177,25.9167
1129880577,26.52728
1129887976,26.40345
1129895378,26.37151
1129902778,26.32849
1129910178,26.44758
1129917578,26.61743
1129924976,26.67127
1129932376,26.22264
1129939778,26.49222
1129947178,26.96377
1129954578,26.32731
1129961977,26.35288
1129969377,26.2156
1129976778,26.49657
1129984178,26.27252
1129991578,26.96069
1129998976,26.74134
1130006376,26.73507
1130013777,26.79553
1130021176,26.27281
1130028577,26.40107
1130035976,26.62844
1130043378,26.97513
1130050777,26.69105
1130058177,26.21362
1130065579,26.40836
1130072976,26.48525
1130080377,27.19284
1130087778,25.83477
1130095178,26.80267
1130102577,26.53718
1130109976,26.40102
1130117376,26.31798
1130124781,26.5029
1130132178,26.56002
1130139578,26.68764
1130146976,26.39908
1130154376,26.64039
1130161778,26.65824
1130169176,26.73407
1130176577,26.46028
1130183976,26.56045
1130191377,26.53158
1130198778,26.26071
1130206177,26.19066
1130213577,26.60205
1130220976,26.65861
1130228376,26.70576
1130235781,26.98684
1130243177,26.06388
1130250577,26.53698
1130257976,25.67196
1130265377,26.62941
1130272781,26.43372
1130280176,26.40677
1130287577,26.35899
1130294976,26.57882
1130302378,26.73217
1130309778,27.02821
1130317176,26.52748
1130324577,26.44225
1130331976,26.11412
1130339378,26.62857
1130346781,26.67652
1130354177,26.04884
1130361577,26.93764
1130368978,26.02825
1130376376,26.41846
1130383778,26.6965
1130391176,26.4201
1130398577,26.30924
1130405978,26.46694
1130413376,26.77227
1130420778,26.56827
1130428177,26.72375
1130435577,26.36434
1130442977,26.49648
1130450378,25.86634
1130457780,26.33482
1130465177,26.6055
1130472577,26.70279
1130479976,26.63181
1130487376,27.0778
1130494778,26.65289
1130502177,26.57101
1130509579,26.23376
1130516976,26.52067
1130524378,26.67145
1130531777,26.48125
1130539176,26.45354
1130546577,26.92475
1130553976,26.56231
1130561377,26.71552
1130568778,26.36313
1130576178,26.38286
1130583577,26.49893
1130590977,26.49662
1130598377,26.52264
1130605779,26.67615
1130613178,26.30693
1130620578,26.65692
1130627979,26.60097
1130635376,26.57322
1130642781,26.62489
1130650178,26.50503
1130657579,26.66891
1130664977,26.50395
1130672377,26.71107
1130679781,26.56772
1130687176,26.94061
1130694577,26.52689
1130701976,26.39376
1130709377,26.29705
1130716781,26.16757
1130724177,26.53844
1130731576,26.50615
1130738977,26.41257
1130746376,26.44181
1130753781,26.62354
1130761177,26.43538
1130768578,26.65643
1130775977,26.28501
1130783378,26.56748
1130790778,26.79679
1130798176,26.92058
1130805576,26.78669
1130812978,26.5909
1130820377,26.53925
1130827777,26.20072
1130835178,26.25967
1130842577,26.72012
1130849978,26.1527
1130857377,26.64462
1130864779,26.6457
1130872178,26.58571
1130879577,26.68921
1130886976,26.6719
1130894376,26.67692
1130901777,26.92693
1130909176,26.34591
1130916578,26.48977
1130923978,26.54391
1130931376,26.1056
1130938779,26.76341
1130946176,26.85817
1130953578,26.67715
1130960976,26.56106
1130968379,26.58123
1130975779,26.2194
1130983178,26.83911
1130990577,26.80038
1130997976,26.43019
1131005376,26.49604
1131012777,26.52662
1131020178,26.83759
1131027577,26.48791
1131034978,26.60991
1131042378,26.30289
1131049778,26.46887
1131057177,26.3735
1131064577,26.45036
1131071976,26.26021
1131079377,26.74105
1131086781,27.13546
1131094176,26.698
1131101579,26.22969
1131108977,26.52413
1131116377,26.58947
1131123780,26.70769
1131131176,26.49934
1131138577,26.55382
1131145976,26.56436
1131153377,26.56977
1131160781,26.72892
1131168178,26.27653
1131175577,26.19712
1131182979,26.38471
1131190376,26.14508
1131197777,25.97807
1131205178,26.42992
1131212577,26.75536
1131219976,26.55967
1131227376,26.36012
1131234781,26.45341
1131242178,26.68781
1131249578,26.97952
1131256976,26.63297
1131264376,26.59946
1131271777,26.47323
1131279177,26.53603
1131286577,26.88367
1131293977,26.76348
1131301376,26.69996
1131308781,26.36958
1131316177,27.04596
1131323576,26.57339
1131330978,26.45206
1131338377,26.58618
1131345781,26.37651
1131353176,26.22433
1131360577,26.39509
1131367976,26.47487
1131375376,26.37218
1131382778,26.52906
1131390176,26.65319
1131397577,26.67042
1131404976,26.5898
1131412378,25.99668
1131419778,26.31672
1131427176,26.33477
1131434577,26.27866
1131441976,26.882
1131449375,26.59984
1131456778,26.96232
1131464178,26.35841
1131471579,26.58542
1131478977,26.3977
1131486376,26.43792
1131493779,26.37722
1131501177,26.6574
1131508577,26.52302
1131515976,26.72288
1131523378,26.35278
1131530781,26.62187
1131538178,26.27406
1131545577,26.34402
1131552976,26.33947
1131560377,26.24123
1131567780,26.69627
1131575178,26.43288
1131582577,26.8376
1131589977,26.726
1131597376,26.60597
1131604777,26.39503
1131612178,26.45462
1131619577,26.397
1131626977,26.43359
1131634377,26.7677
1131641778,26.59648
1131649178,26.562
1131656578,26.58703
1131663976,26.81427
1131671378,26.04387
1131678777,26.25833
1131686178,26.60328
1131693577,26.34792
1131700977,26.39853
1131708376,26.61666
1131715778,26.53251
1131723178,26.73646
1131730577,26.78128
1131737977,26.27184
1131745376,26.38632
1131752779,26.37764
1131760178,26.61161
1131767577,26.49395
1131774977,26.44585
1131782376,26.42892
1131789777,26.37377
1131797178,26.52887
1131804577,26.27721
1131811977,26.59923
1131819378,26.51824
1131826780,26.68876
1131834176,26.52235
1131841577,26.41271
1131848978,26.58892
1131856376,26.66639
1131863778,26.42575
1131871176,26.67277
1131878577,26.92164
1131885977,26.27241
1131893376,26.49529
1131900779,26.67127
1131908178,26.46508
1131915577,26.37725
1131922979,26.43847
1131930376,26.26702
1131937778,26.39398
1131945178,26.38855
1131952577,26.44001
1131959980,26.62144
1131967378,26.70699
1131974778,26.15563
1131982178,26.51179
1131989578,26.42526
1131996976,26.78416
1132004378,26.89375
1132011779,26.43668
1132019178,26.60576
1132026577,26.71539
1132033978,26.64328
1132041376,26.56034
1132048778,26.46163
1132056178,26.68364
1132063577,26.56269
1132070976,26.69649
1132078377,26.4424
1132085777,26.38666
1132093176,26.46489
1132100577,26.54424
1132107978,26.3206
1132115376,26.92831
1132122777,26.58646
1132130178,26.47848
1132137577,26.83284
1132144977,26.60428
1132152377,26.44828
1132159779,26.89364
1132167178,26.79045
1132174577,26.24373
1132181976,26.30238
1132189378,26.60508
1132196778,26.57793
1132204178,26.54835
1132211578,26.38362
1132218979,26.42278
1132226377,26.65762
1132233777,26.31663
1132241176,26.1698
1132248578,26.51897
1132255977,26.43589
1132263376,26.71795
1132270778,26.69518
1132278178,26.57114
1132285577,26.66532
1132292976,26.32124
1132300377,26.25325
1132307778,26.26395
1132315176,26.44972
1132322578,26.6225
1132329977,26.62873
1132337376,26.42678
1132344778,26.22376
1132352177,26.3146
1132359578,26.19713
1132366977,26.72246
1132374376,26.74242
1132381780,26.55929
1132389178,26.495
1132396577,26.39635
1132403979,27.01573
1132411376,26.54087
1132418781,26.4407
1132426178,26.93976
1132433577,26.41031
1132440977,26.46397
1132448377,26.54519
1132455777,26.42144
1132463178,26.4212
1132470577,26.31922
1132477977,26.26331
1132485377,26.69319
1132492777,26.56438
1132500177,26.28343
1132507578,26.79409
1132514977,27.03362
1132522378,26.33589
1132529780,26.22018
1132537178,26.43041
1132544577,26.7173
1132551978,26.50216
1132559378,26.52766
1132566778,26.31288
1132574178,26.56301
1132581577,27.12615
1132588976,26.71088
1132596376,26.50921
1132603777,26.61939
1132611178,26.33062
1132618577,26.52075
1132625979,26.53937
1132633376,26.38456
1132640779,26.58926
1132648176,26.65313
1132655578,26.64644
1132662977,26.44211
1132670378,26.68617
1132677781,26.7624
1132685177,26.39086
1132692577,26.46973
1132699977,26.53655
1132707377,26.68038
1132714781,26.6575
1132722177,26.70573
1132729577,26.73688
1132736977,26.55705
1132744376,26.46557
1132751778,26.74768
1132759178,26.52394
1132766578,26.6285
1132773976,26.8606
1132781376,26.46221
1132788777,26.40814
1132796178,26.38497
1132803577,26.72404
1132810976,26.57806
1132818377,26.53379
1132825781,26.52951
1132833176,26.54632
1132840577,26.70672
1132847977,26.54048
1132855377,26.70043
1132862778,26.36976
1132870178,26.64272
1132877578,26.64718
1132884976,26.9156
1132892377,26.69078
1132899781,26.99512
1132907178,26.43352
1132914577,26.5741
1132921978,26.60593
1132929376,26.23085
1132936777,26.75149
1132944177,26.63339
1132951577,26.09631
1132958978,26.23705
1132966377,26.70562
1132973778,26.4673
1132981178,26.60608
1132988577,26.48117
1132995978,26.6448
1133003377,26.10202
1133010781,26.45704
1133018176,26.14282
1133025577,26.73977
1133032976,26.37662
1133040378,26.58263
1133047780,25.95216
1133055178,26.94551
1133062577,26.19384
1133069977,26.78433
1133077376,25.85543
1133084778,26.74876
1133092177,26.25858
1133099578,26.19022
1133106976,26.35749
1133114375,26.64957
1133121778,26.43937
1133129176,26.44806
1133136577,26.77668
1133143977,26.44062
1133151377,26.61069
1133158781,26.293
1133166176,26.21204
1133173578,26.61625
1133180976,26.33384
1133188376,26.50829
1133195778,26.3751
1133203178,26.31876
1133210577,26.53572
1133217976,26.36421
1133225376,26.38167
1133232779,26.6787
1133240178,26.64596
1133247577,26.65635
1133254976,26.61352
1133262377,26.46991
1133269779,26.49003
1133277177,26.5184
1133284577,26.38715
1133291979,26.50248
1133299376,26.28019
1133306780,26.50376
1133314177,26.22277
1133321578,26.91747
1133328977,26.51471
1133336376,26.90373
1133343781,26.64009
1133351178,26.63225
1133358577,26.51377
1133365978,26.24302
1133373376,27.16872
1133380778,26.30198
1133388178,26.62811
1133395577,26.73721
1133402977,26.66662
1133410376,26.33247
1133417778,26.50204
1133425177,26.33296
1133432577,26.48083
1133439976,26.49963
1133447378,26.46817
1133454777,26.59761
1133462177,26.58656
1133469577,26.3808
1133476977,26.50035
1133484377,26.41562
1133491777,26.66011
1133499178,26.73483
1133506577,26.18864
1133513977,26.05461
1133521376,26.56887
1133528780,26.52924
1133536178,26.50192
1133543577,26.62403
1133550977,26.75042
1133558377,26.45024
1133565777,26.43165
1133573178,26.69487
1133580578,26.51538
1133587977,26.79089
1133595376,26.73306
1133602778,26.32108
1133610178,26.26299
1133617579,26.73773
1133624976,27.02551
1133632378,26.41857
1133639779,26.21688
1133647177,26.3107
1133654577,26.493
1133661977,26.73864
1133669376,26.55676
1133676778,26.44357
1133684178,26.78893
1133691577,26.48081
1133698977,26.63413
1133706376,26.58
1133713778,26.43741
1133721177,26.60997
1133728577,26.36164
1133735977,25.97633
1133743377,26.34162
1133750779,26.5321
1133758178,26.45262
1133765577,26.39189
1133772977,26.55553
1133780377,26.16442
1133787779,26.65065
1133795178,26.6881
1133802577,26.51151
1133809976,26.3297
1133817377,26.58739
1133824777,26.81612
1133832178,25.90042
1133839578,26.27757
1133846977,26.59381
1133854376,26.4128
1133861778,26.33403
1133869177,26.18341
1133876578,26.26274
1133883976,26.44576
1133891377,26.08078
1133898777,26.76151
1133906177,26.20989
1133913578,26.64478
1133920976,26.61412
1133928378,26.56144
1133935780,26.61544
1133943178,26.22771
1133950578,26.69466
1133957976,26.49632
1133965376,26.4622
1133972780,26.38715
1133980177,26.52529
1133987577,26.74953
1133994978,26.67755
1134002377,26.56204
1134009780,26.22405
1134017176,26.93732
1134024577,26.88498
1134031976,26.4782
1134039377,26.40255
1134046779,26.57454
1134054178,26.72471
1134061576,26.40991
1134068976,26.40475
1134076376,26.55704
1134083778,26.41787
1134091177,26.48469
1134098578,26.49284
1134105976,26.49126
1134113378,26.8905
1134120778,26.55443
1134128178,26.30408
1134135576,26.31865
1134142976,26.3406
1134150378,26.4392
1134157779,26.44095
1134165180,26.50426
1134172577,26.69694
1134179976,26.40995
1134187376,26.58179
1134194781,26.59243
1134202176,26.08464
1134209578,26.39126
1134216977,26.4454
1134224376,25.80505
1134231777,26.59357
1134239176,26.69306
1134246577,26.98255
1134253977,26.34399
1134261376,26.23487
1134268777,26.8666
1134276176,26.32948
1134283578,26.73744
1134290976,26.63182
1134298376,26.97751
1134305781,26.19488
1134313177,26.07355
1134320577,26.61524
1134327977,26.71054
1134335376,26.55641
1134342779,26.22904
1134350177,25.91513
1134357577,26.19085
1134364976,26.37814
1134372376,26.41921
1134379777,26.30157
1134387178,26.63087
1134394578,26.55092
1134401977,26.38679
1134409376,26.43871
1134416778,26.75512
1134424178,26.56531
1134431577,26.68755
1134438977,26.73228
1134446377,26.63324
1134453777,26.68364
1134461176,26.39682
1134468577,27.13061
1134475977,26.83677
1134483377,26.80258
1134490777,26.62726
1134498176,26.5617
1134505577,26.32611
1134512976,26.30602
1134520376,26.32979
1134527781,26.48876
1134535178,26.45547
1134542577,26.53061
1134549976,26.57087
1134557377,26.63746
1134564779,26.79384
1134572176,26.43691
1134579578,26.63115
1134586976,26.46451
1134594378,26.43542
1134601778,26.51754
1134609176,26.42531
1134616578,26.96328
1134623977,26.63873
1134631377,26.59488
1134638778,26.89679
1134646178,26.48318
1134653577,26.83195
1134660977,26.44659
1134668376,26.39884
1134675777,26.16064
1134683177,26.64813
1134690577,26.60776
1134697978,26.85898
1134705377,26.44763
1134712778,26.5033
1134720178,26.58252
1134727577,26.51198
1134734976,26.46973
1134742376,26.51754
1134749778,26.53105
1134757178,26.56127
1134764577,26.90989
1134771976,26.24842
1134779376,26.53354
1134786781,26.70751
1134794177,26.73712
1134801577,26.40265
1134808976,26.23994
1134816376,26.74882
1134823777,26.78901
1134831176,26.15292
1134838577,26.12446
1134845976,26.54019
1134853376,26.71945
1134860779,26.68314
1134868178,26.51181
1134875577,26.34931
1134882976,26.53761
1134890377,26.58355
1134897777,26.8222
1134905178,26.77737
1134912577,26.1594
1134919976,26.23365
1134927377,26.48937
1134934777,26.74854
1134942178,26.77377
1134949577,26.54407
1134956976,26.80004
1134964376,26.61558
1134971778,26.60061
1134979178,26.43898
1134986577,26.74096
1134993976,26.48445
1135001377,26.6832
1135008778,26.45428
1135016176,26.26183
1135023577,26.74431
1135030979,26.46465
1135038376,26.95833
1135045779,26.03118
1135053180,26.14738
1135060578,26.4415
1135067977,26.82454
1135075376,26.25563
1135082777,26.63859
1135090176,26.6593
1135097577,26.02016
1135104976,26.44649
1135112376,26.50169
1135119777,26.47654
1135127176,26.30533
1135134577,26.65393
1135141976,26.67522
1135149378,26.53392
1135156780,26.78844
1135164178,26.57169
1135171577,26.33771
1135178977,26.69897
1135186376,26.2055
1135193777,26.38766
1135201178,26.36864
1135208577,26.3961
1135215978,26.85577
1135223378,26.52451
1135230779,26.61518
1135238176,26.53353
1135245576,26.52939
1135252976,26.41166
1135260376,26.28746
1135267781,26.87059
1135275178,26.68286
1135282577,26.60662
1135289976,26.15142
1135297376,26.33971
1135304781,26.58008
1135312177,26.56385
1135319579,26.76505
1135326976,26.93966
1135334376,26.53705
1135341777,26.62004
1135349177,26.4901
1135356577,26.33368
1135363977,26.92862
1135371376,26.41302
1135378777,26.48672
1135386176,26.43339
1135393579,26.33918
1135400977,26.50787
1135408377,26.3586
1135415779,26.63916
1135423178,26.04308
1135430576,26.37871
1135437978,26.41273
1135445376,26.4817
1135452777,26.39438
1135460176,26.20189
1135467576,26.32507
1135474978,26.30054
1135482376,26.26822
1135489781,26.13338
1135497178,26.80383
1135504578,26.4099
1135511977,26.43945
1135519377,26.704
1135526777,26.2569
1135534178,26.57125
1135541577,26.68456
1135548977,26.09541
1135556377,26.61714
1135563780,26.50026
1135571178,26.60374
1135578579,26.38697
1135585980,26.72364
1135593376,26.5784
1135600778,26.57228
1135608176,26.64802
1135615578,26.4811
1135622977,26.46407
1135630376,26.92909
1135637777,26.89313
1135645176,26.60859
1135652577,26.18102
1135659976,26.673
1135667378,26.52221
1135674780,26.4922
1135682178,26.49563
1135689577,26.25321
1135696980,26.49185
1135704378,26.47636
1135711778,26.84056
1135719178,26.73459
1135726576,26.29194
1135733976,26.43061
1135741377,26.5559
1135748778,26.09437
1135756176,26.62142
1135763578,26.81944
1135770977,26.43605
1135778377,26.69531
1135785778,26.34843
1135793178,26.49903
1135800576,26.58269
1135807976,26.62571
1135815377,26.54097
1135822778,26.52952
1135830178,26.62312
1135837577,26.47911
1135844978,26.56904
1135852376,26.51797
1135859780,26.25568
1135867178,26.56607
1135874578,27.2218
1135881976,26.30885
1135889377,26.3997
1135896778,26.63867
1135904176,26.92322
1135911578,26.51453
1135918978,26.57176
1135926376,26.39326
1135933778,26.59809
1135941177,26.01994
1135948577,26.58889
1135955976,26.34315
1135963378,26.77036
1135970779,27.0304
1135978177,26.31819
1135985576,26.59053
1135992978,26.55972
1136000377,26.64221
1136007779,26.09683
1136015177,26.54536
1136022576,26.47545
1136029976,26.58926
1136037377,26.21854
1136044776,26.92733
1136052178,26.38096
1136059577,26.49869
1136066976,26.15995
1136074377,26.22655
1136081776,26.32529
1136089178,26.27802
1136096580,26.59528
1136103976,26.49226
1136111376,26.74003
1136118776,26.5749
1136126178,26.48479
1136133578,26.5076
1136140977,26.33118
1136148376,26.49471
1136155776,26.68614
1136163176,26.53558
1136170578,26.38741
1136177976,26.62271
1136185376,26.38562
1136192778,26.71289
1136200178,26.27139
1136207577,26.42966
1136214977,26.58836
1136222378,26.65746
1136229778,26.43638
1136237177,26.60092
1136244577,26.96297
1136251976,26.32471
1136259376,26.54638
1136266778,26.65964
1136274178,26.63349
1136281577,26.50708
1136288976,26.30052
1136296378,26.6728
1136303778,26.67708
1136311178,26.71523
1136318577,27.03417
1136325980,26.85696
1136333376,26.75687
1136340778,26.8305
1136348178,26.62369
1136355577,26.40375
1136362976,26.75921
1136370376,26.77053
1136377779,26.49529
1136385178,26.61929
1136392577,26.45733
1136399977,26.34119
1136407376,26.47864
1136414778,26.43935
1136422178,26.53099
1136429576,26.5645
1136436976,26.46975
1136444378,26.38487
1136451780,26.47383
1136459176,25.92812
1136466576,26.39641
1136473980,26.73312
1136481378,26.80397
1136488778,26.69676
1136496176,26.68338
1136503578,26.52167
1136510979,26.70469
1136518376,26.2625
1136525779,26.52154
1136533176,26.5426
1136540576,26.62809
1136547978,26.30215
1136555376,26.69706
1136562777,26.50797
1136570177,26.36926
1136577578,26.52987
1136584978,26.33288
1136592378,26.61135
1136599778,26.55942
1136607177,26.72705
1136614576,26.74373
1136621980,26.57274
1136629376,26.21556
1136636776,26.51788
1136644177,26.89207
1136651578,26.63613
1136658976,26.58184
1136666376,26.68793
1136673776,26.6295
1136681178,26.5717
1136688578,26.47483
1136695976,26.87571
1136703378,26.7608
1136710777,26.44104
1136718178,26.33514
1136725577,26.39331
1136732976,26.46637
1136740378,27.25006
1136747780,26.67331
1136755177,26.7657
1136762578,25.90616
1136769978,26.32011
1136777376,26.42401
1136784777,26.76801
1136792176,26.54086
1136799578,26.43036
1136806976,26.28065
1136814377,26.43889
1136821777,26.47054
1136829178,26.08513
1136836578,26.59157
1136843978,26.46226
1136851377,26.31908
1136858776,26.47656
1136866176,26.2361
1136873577,26.41545
1136880978,26.43731
1136888377,26.64594
1136895776,26.16431
1136903177,26.49537
1136910577,26.20525
1136917977,26.34565
1136925378,26.33065
1136932776,26.27227
1136940177,26.28599
1136947577,26.67966
1136954976,26.45609
1136962378,26.48947
1136969780,26.24579
1136977176,26.46816
1136984577,25.96147
1136991977,26.57361
1136999379,26.30264
1137006777,26.81095
1137014178,26.55353
1137021577,26.74349
1137028977,26.74257
1137036378,26.206
1137043778,26.60914
1137051176,26.46316
1137058577,26.64672
1137065977,26.9131
1137073378,26.78967
1137080777,26.7378
1137088177,25.85077
1137095578,26.45691
1137102977,26.55696
1137110377,26.6705
1137117778,26.1959
1137125178,26.59851
1137132578,26.36125
1137139977,26.53754
1137147377,27.03962
1137154778,26.54173
1137162178,26.3989
1137169577,26.31654
1137176977,26.50322
1137184377,26.63782
1137191778,26.8878
1137199178,26.5988
1137206576,26.24799
1137213977,25.99102
1137221376,26.57631
1137228780,26.32073
1137236177,26.3356
1137243576,26.62857
1137250978,26.2341
1137258379,26.27055
1137265780,26.68037
1137273176,26.41393
1137280576,26.62899
1137287978,26.33733
1137295376,26.44016
1137302778,26.2639
1137310178,26.65466
1137317577,26.43927
1137324977,26.57587
1137332377,26.67183
1137339777,26.61346
1137347176,26.30688
1137354576,26.36174
1137361977,26.68706
1137369379,26.40206
1137376778,26.50064
1137384176,26.32381
1137391578,26.70434
1137398977,26.61109
1137406376,25.76421
1137413777,26.39872
1137421177,26.80852
1137428577,26.49614
1137435977,26.24211
1137443378,26.62423
1137450776,26.66623
1137458177,26.58538
1137465578,26.28309
1137472976,26.72025
1137480378,26.98045
1137487778,26.62074
1137495178,26.67921
1137502577,26.39509
1137509978,26.6173
1137517378,26.5986
1137524778,26.80932
1137532178,26.54624
1137539578,26.30789
1137546977,26.61656
1137554378,26.24426
1137561779,26.26841
1137569177,26.59975
1137576578,26.5881
1137583978,26.58259
1137591378,26.38677
1137598776,26.31605
1137606177,26.29404
1137613578,26.25373
1137620977,26.37955
1137628376,26.78127
1137635777,26.4375
1137643176,26.41998
1137650578,26.19476
1137657977,26.3394
1137665376,26.3914
1137672778,26.57571
1137680178,26.70696
1137687576,26.43689
1137694977,26.49953
1137702377,26.30572
1137709778,26.39624
1137717177,26.72111
1137724576,26.98111
1137731977,26.38549
1137739378,26.45287
1137746778,26.69705
1137754178,26.56197
1137761577,26.64708
1137768977,26.50673
1137776378,26.50555
1137783778,26.21573
1137791177,26.37805
1137798578,26.53433
1137805977,26.41893
1137813376,26.49217
1137820779,26.54344
1137828178,26.23877
1137835577,26.12695
1137842978,26.56388
1137850376,26.31703
1137857776,26.65997
1137865176,26.14965
1137872577,26.41067
1137879976,26.23146
1137887379,26.33914
1137894777,26.42055
1137902177,26.55765
1137909576,26.62316
1137916976,26.87652
1137924379,26.07716
1137931778,26.10864
1137939177,26.53736
1137946577,26.41728
1137953977,27.13827
1137961376,26.76998
1137968777,26.47022
1137976178,26.67892
1137983578,26.35806
1137990976,26.52195
1137998377,26.39358
1138005778,26.40256
1138013176,26.58688
1138020578,26.32155
1138027976,26.56079
1138035377,26.47723
1138042778,27.15659
1138050177,26.33959
1138057577,26.52393
1138064977,26.61272
1138072378,26.35849
1138079776,26.88375
1138087177,26.58315
1138094578,26.39464
1138101980,26.39545
1138109377,26.58154
1138116778,26.77373
1138124177,26.47471
1138131578,26.28003
1138138978,26.76998
1138146376,26.3154
1138153778,26.46383
1138161178,26.61475
1138168576,26.67022
1138175978,26.45063
1138183377,26.66486
1138190778,26.31864
1138198178,26.51764
1138205577,26.64172
1138212978,26.81544
1138220378,27.03948
1138227778,26.54251
1138235178,26.61795
1138242576,26.74028
1138249977,25.91332
1138257376,26.4984
1138264780,26.21533
1138272178,26.22032
1138279577,26.51049
1138286978,25.94456
1138294377,26.46576
1138301778,26.73152
1138309178,26.18973
1138316576,26.66277
1138323978,26.29289
1138331376,26.40982
1138338776,26.61208
1138346176,26.32438
1138353576,26.35365
1138360978,26.40265
1138368377,25.99923
1138375776,26.79437
1138383177,26.30231
1138390578,26.11731
1138397976,26.64312
1138405376,26.31918
1138412776,26.47732
1138420176,26.19884
1138427578,26.32243
1138434975,26.60586
1138442377,26.84938
1138449778,27.18185
1138457178,26.83809
1138464578,26.50529
1138471980,26.44523
1138479377,26.48271
1138486776,26.67051
1138494178,26.75216
1138501577,26.34615
1138508977,26.95503
1138516376,26.73425
1138523777,26.73023
1138531176,26.60062
1138538577,26.70487
1138545980,26.45645
1138553377,26.8924
1138560776,26.62647
1138568178,26.46541
1138575577,26.1671
1138582978,27.00695
1138590376,26.48635
1138597776,26.50366
1138605177,26.46762
1138612577,26.36523
1138619976,26.8166
1138627376,26.20102
1138634777,26.77092
1138642178,26.52566
1138649576,26.26493
1138656978,26.20438
1138664378,26.59455
1138671777,26.62944
1138679177,25.97855
1138686578,26.32232
1138693977,26.91941
1138701377,26.54365
1138708778,26.37757
1138716176,26.76184
1138723578,26.45271
1138730976,26.76017
1138738377,26.52138
1138745776,26.67805
1138753178,26.36003
1138760578,26.58256
1138767976,26.10406
1138775377,26.58024
1138782777,26.62815
1138790177,26.45856
1138797576,26.78003
1138804978,26.66739
1138812378,26.39553
1138819778,26.13555
1138827176,26.60058
1138834576,26.44352
1138841978,26.57495
1138849378,26.32167
1138856776,26.91492
1138864178,26.7334
1138871576,26.59784
1138878978,26.41202
1138886378,26.9139
1138893776,26.47419
1138901178,26.61467
1138908577,26.65281
1138915976,26.28617
1138923376,26.7517
1138930778,26.19118
1138938177,26.42257
1138945577,26.57342
1138952977,26.91969
1138960377,25.96242
1138967777,26.5865
1138975177,26.33208
1138982576,26.90904
1138989976,26.00958
1138997378,26.80993
1139004777,26.39835
1139012177,26.13474
1139019576,26.53585
1139026978,26.72265
1139034377,26.53266
1139041777,26.53652
1139049177,26.33084
1139056577,26.24364
1139063977,26.67748
1139071376,26.61865
1139078776,26.49733
1139086176,26.23214
1139093577,26.48009
1139100980,26.69301
1139108379,26.07999
1139115776,26.78637
1139123178,26.45039
1139130575,26.21777
1139137977,26.50915
1139145376,26.43228
1139152778,26.3321
1139160177,26.72865
1139167578,26.85254
1139174977,26.77871
1139182376,26.31868
1139189778,26.59937
1139197177,26.32452
1139204577,26.55423
1139211978,26.5851
1139219377,26.65335
1139226777,26.62832
1139234176,26.00805
1139241577,26.65099
1139248977,26.14384
1139256377,26.23808
1139263778,26.86027
1139271178,26.53982
1139278577,26.80088
1139285980,26.46443
1139293378,26.40965
1139300778,26.73112
1139308176,26.79954
1139315577,26.43706
1139322976,26.33417
1139330379,26.36552
1139337777,26.65867
1139345177,26.12611
1139352578,26.48933
1139359978,26.46841
1139367376,26.595
1139374776,26.35747
1139382178,26.7321
1139389576,26.6402
1139396977,26.26851
1139404377,26.73402
1139411777,25.88079
1139419176,26.69919
1139426576,26.77346
1139433977,26.83966
1139441376,26.77479
1139448778,26.61083
1139456178,26.43018
1139463577,26.65633
1139470978,26.1965
1139478377,26.91703
1139485776,26.43049
1139493178,26.58157
1139500577,26.54675
1139507978,26.42105
1139515376,26.63488
1139522778,26.09923
1139530176,26.40422
1139537578,26.65784
1139544977,26.55201
1139552378,26.1836
1139559777,26.82108
1139567176,26.54958
1139574576,26.50667
1139581978,26.13766
1139589377,26.57038
1139596777,26.43189
1139604178,26.36479
1139611577,26.64004
1139618980,26.5759
1139626377,26.48382
1139633779,26.59448
1139641178,26.33978
1139648577,26.32807
1139655978,26.5619
1139663376,26.76422
1139670778,26.84047
1139678178,26.47916
1139685577,26.2327
1139692977,26.4771
1139700377,26.92405
1139707778,26.60227
1139715178,26.30555
1139722576,25.98784
1139729977,26.43561
1139737378,25.97212
1139744776,26.40269
1139752176,26.63163
1139759577,26.53144
1139766978,26.44517
1139774378,26.37782
1139781778,26.47435
1139789176,26.49528
1139796576,26.57668
1139803978,26.47953
1139811376,26.24574
1139818779,26.61374
1139826177,26.53762
1139833576,26.84802
1139840978,26.68793
1139848376,26.47168
1139855776,26.70884
1139863177,26.74603
1139870577,26.88775
1139877977,26.67819
1139885378,26.58473
1139892778,26.60556
1139900178,26.71432
1139907576,26.66007
1139914978,26.43512
1139922376,27.00296
1139929776,26.92871
1139937178,26.31817
1139944578,26.41091
1139951978,26.4547
1139959379,26.80898
1139966776,26.61627
1139974176,25.94631
1139981577,26.85385
1139988976,26.28401
1139996376,26.51358
1140003778,26.76434
1140011177,27.09215
1140018577,26.8138
1140025978,26.57578
1140033377,26.48648
1140040776,26.6883
1140048178,26.41916
1140055578,26.4656
1140062977,26.66799
1140070377,26.11142
1140077776,26.82725
1140085177,26.41269
1140092576,26.69063
1140099978,26.69322
1140107378,26.51094
1140114778,26.23161
1140122178,26.31064
1140129577,26.87521
1140136977,26.22636
1140144377,26.55329
1140151780,26.07602
1140159178,26.93696
1140166578,26.71567
1140173978,26.66413
1140181379,26.49694
1140188777,26.47192
1140196178,26.75271
1140203576,26.48222
1140210976,26.83404
1140218377,26.95274
1140225778,26.51218
1140233176,26.55054
1140240577,26.67327
1140247977,26.33287
1140255377,26.53594
1140262777,26.29688
1140270178,26.79793
1140277576,26.28508
1140284978,26.4501
1140292376,26.60364
1140299777,26.62652
1140307176,26.32314
1140314577,26.50178
1140321977,26.70127
1140329377,26.18927
1140336780,26.44644
1140344178,26.39009
1140351578,26.80651
1140358977,26.55622
1140366376,26.47719
1140373777,26.49772
1140381177,26.63622
1140388576,26.28016
1140395977,26.61044
1140403377,25.83654
1140410776,26.17147
1140418177,27.03062
1140425578,26.46844
1140432978,26.6198
1140440378,26.60684
1140447776,26.4542
1140455177,26.45251
1140462577,26.31425
1140469976,26.38889
1140477378,26.24762
1140484777,26.46282
1140492178,26.61144
1140499577,26.44755
1140506976,26.75844
1140514377,26.37084
1140521778,26.19936
1140529178,26.43094
1140536576,26.06303
1140543976,26.62955
1140551376,26.10413
1140558780,26.75007
1140566177,26.78727
1140573577,27.07088
1140580980,26.57222
1140588377,26.57203
1140595776,26.42746
1140603177,26.35221
1140610577,26.97169
1140617977,26.35753
1140625376,26.11049
1140632776,26.26796
1140640177,26.41299
1140647578,26.34542
1140654978,26.53225
1140662376,26.42252
1140669776,26.57224
1140677177,26.69
1140684577,26.6454
1140691980,26.74295
1140699377,26.61639
1140706779,26.20844
1140714176,26.26349
1140721576,26.47912
1140728977,26.62675
1140736376,26.64973
1140743778,26.24144
1140751177,26.23424
1140758577,26.35647
1140765978,26.00717
1140773376,26.75562
1140780777,26.36974
1140788176,26.56278
1140795578,26.66465
1140802976,26.80487
1140810376,26.34999
1140817777,26.67002
1140825176,26.55068
1140832578,26.53221
1140839978,26.49683
1140847377,26.63072
1140854776,26.65437
1140862178,26.68727
1140869577,26.61435
1140876977,26.52401
1140884377,27.15617
1140891778,26.50137
1140899177,26.39075
1140906577,26.80187
1140913977,26.05056
1140921377,26.97129
1140928776,27.00978
1140936176,26.56754
1140943578,26.22765
1140950978,26.79457
1140958378,26.10176
1140965777,26.33912
1140973176,26.48005
1140980577,26.85661
1140987978,26.4744
1140995377,26.71412
1141002776,26.4589
1141010178,26.27427
1141017577,26.27111
1141024976,26.13361
1141032377,26.07687
1141039780,26.96802
1141047177,26.52346
1141054578,26.68546
1141061977,26.72759
1141069376,26.25617
1141076777,26.63013
1141084178,26.45051
1141091577,26.41482
1141098978,26.92372
1141106378,26.36643
1141113778,26.73574
1141121176,26.32425
1141128578,26.3603
1141135976,26.59063
1141143376,26.6256
1141150777,26.2606
1141158178,26.4755
1141165576,26.26564
1141172978,26.52339
1141180377,26.45802
1141187777,26.72274
1141195177,26.61504
1141202578,26.68834
1141209977,26.32115
1141217376,25.98863
1141224779,26.57712
1141232177,26.74215
1141239577,26.84173
1141246980,26.97129
1141254379,26.6083
1141261780,26.55618
1141269178,26.41543
1141276577,26.50662
1141283978,26.25598
1141291378,26.86999
1141298777,26.47978
1141306177,26.54921
1141313577,26.64562
1141320977,26.29406
1141328378,26.59891
1141335776,26.70737
1141343178,26.50979
1141350578,26.32293
1141357978,26.6041
1141365376,26.92387
1141372777,26.63877
1141380177,26.5977
1141387577,26.58554
1141394976,26.87479
1141402377,26.55491
1141409777,26.49328
1141417178,26.42929
1141424578,26.6894
1141431977,26.64551
1141439376,26.74894
1141446778,26.39309
1141454177,26.94983
1141461578,26.47093
1141468980,26.29153
1141476378,26.61798
1141483778,26.65555
1141491176,26.31812
1141498577,26.41463
1141505978,26.46775
1141513376,26.45457
1141520777,26.64055
1141528177,26.50081
1141535577,26.38758
1141542977,26.55993
1141550377,26.30492
1141557776,26.33937
1141565176,26.42778
1141572577,26.76942
1141579980,26.43103
1141587376,26.42736
1141594776,26.30175
1141602178,26.26823
1141609578,26.68339
1141616978,26.6142
1141624376,26.25475
1141631776,26.74373
1141639177,26.21036
1141646578,26.69366
1141653978,26.51636
1141661379,26.70927
1141668776,26.63001
1141676176,26.39937
1141683576,26.80097
1141690978,26.49102
1141698377,26.66072
1141705778,26.28048
1141713177,26.75814
1141720578,26.51714
1141727978,27.07663
1141735378,26.17325
1141742777,26.1
1141750178,26.82783
1141757577,26.95272
1141764977,26.46895
1141772379,26.4809
1141779778,26.02582
1141787178,26.36636
1141794577,26.44496
1141801977,26.57344
1141809376,26.62024
1141816776,26.5107
1141824177,26.22097
1141831576,26.66127
1141838977,26.73848
1141846377,26.45373
1141853778,26.23028
1141861176,26.59268
1141868577,26.17272
1141875978,26.01396
1141883376,26.53226
1141890778,26.72401
1141898176,26.28069
1141905578,26.97082
1141912976,26.82433
1141920376,26.13406
1141927780,26.51277
1141935177,26.45967
1141942578,26.52867
1141949977,26.53059
1141957379,26.13248
1141964778,26.76697
1141972178,26.2387
1141979576,26.63918
1141986978,26.47972
1141994378,26.93991
1142001778,26.59897
1142009178,26.66591
1142016577,26.52853
1142023977,26.63746
1142031379,26.61398
1142038776,26.78974
1142046176,26.93054
1142053577,26.84498
1142060976,26.47285
1142068376,26.68176
1142075776,26.55595
1142083177,26.55102
1142090576,26.59974
1142097980,26.20488
1142105379,26.31218
1142112779,26.09688
1142120178,26.46169
1142127577,26.73577
1142134978,26.45051
1142142376,26.51877
1142149776,26.66807
1142157177,26.32084
1142164576,26.4144
1142171978,26.55392
1142179379,26.41191
1142186777,26.65038
1142194178,26.33116
1142201576,26.54715
1142208976,26.55467
1142216378,26.48853
1142223777,26.37914
1142231177,26.53208
1142238577,26.47976
1142245977,26.54469
1142253377,26.6212
1142260777,26.43053
1142268177,26.49754
1142275578,26.65093
1142282977,26.56665
1142290376,26.60108
1142297778,26.63631
1142305177,26.46466
1142312576,26.68375
1142319976,26.33875
1142327377,26.38769
1142334778,26.33402
1142342177,26.55326
1142349576,26.44354
1142356978,26.7438
1142364379,26.34001
1142371776,26.31326
1142379176,26.25372
1142386578,26.16648
1142393976,26.25129
1142401377,26.50951
1142408777,26.05523
1142416176,26.06115
1142423577,26.25951
1142430977,26.68737
1142438378,26.72932
1142445777,26.51791
1142453176,26.46554
1142460576,26.96264
1142467977,26.64125
1142475377,26.49407
1142482776,26.71909
1142490178,26.33582
1142497577,26.77659
1142504977,26.71029
1142512377,26.61175
1142519780,26.4134
1142527177,26.32472
1142534579,26.6909
1142541978,26.81099
1142549378,26.4888
1142556778,26.58885
1142564178,25.99539
1142571576,26.45806
1142578977,26.24336
1142586376,26.51916
1142593777,26.87383
1142601178,26.64659
1142608576,26.20242
1142615978,26.81657
1142623378,26.90002
1142630776,26.56895
1142638177,26.56242
1142645578,26.20947
1142652977,26.36393
1142660377,26.61926
1142667778,26.65055
1142675177,26.33622
1142682577,26.16422
1142689977,26.59666
1142697376,26.6219
1142704778,26.42792
1142712178,26.19167
1142719579,26.61366
1142726976,26.65163
1142734377,25.98206
1142741778,27.0677
1142749178,26.17961
1142756578,26.60928
1142763976,26.11036
1142771378,26.37482
1142778776,27.0829
1142786177,26.77306
1142793579,26.42841
1142800978,26.6694
1142808377,26.41089
1142815776,26.56257
1142823178,26.45912
1142830579,26.83413
1142837977,26.55972
1142845377,26.92651
1142852777,26.37276
1142860178,26.37233
1142867577,26.24244
1142874978,26.55184
1142882378,26.90843
1142889778,26.12159
1142897178,26.14857
1142904579,26.78203
1142911976,26.72046
1142919376,26.53842
1142926776,26.64158
1142934176,26.47164
1142941580,26.87578
1142948977,26.69756
1142956379,26.42524
1142963776,26.75397
1142971177,26.16212
1142978578,26.5281
1142985978,26.55517
1142993376,26.50096
1143000777,26.48599
1143008178,26.71416
1143015577,26.65777
1143022977,26.48557
1143030378,26.42754
1143037776,26.62539
1143045178,26.30894
1143052579,26.41151
1143059976,26.73288
1143067377,26.42798
1143074778,26.20419
1143082176,26.40192
1143089578,26.40607
1143096977,26.51418
1143104377,26.6669
1143111777,26.82699
1143119177,26.52868
1143126579,26.71285
1143133978,26.72584
1143141379,26.59818
1143148777,26.82033
1143156176,26.45889
1143163579,26.22499
1143170978,26.50495
1143178378,26.33103
1143185779,26.40722
1143193178,26.22044
1143200580,26.3719
1143207977,26.46788
1143215378,26.56912
1143222776,25.80495
1143230176,26.60056
1143237578,26.60249
1143244978,26.77029
1143252377,26.84741
1143259778,26.66027
1143267176,26.53263
1143274580,26.3706
1143281978,26.40895
1143289378,26.53109
1143296777,26.50566
1143304176,26.35944
1143311579,26.68744
1143318978,25.94558
1143326379,26.85194
1143333777,26.30044
1143341176,26.60865
1143348579,26.51431
1143355978,26.75765
1143363376,26.78381
1143370777,26.47421
1143378178,26.44998
1143385578,26.63528
1143392977,26.76418
1143400377,26.33406
1143407778,26.33818
1143415177,26.49311
1143422578,26.75207
1143429977,26.10805
1143437377,26.41623
1143444776,26.84281
1143452180,26.48135
1143459578,26.42192
1143466978,26.76498
1143474378,26.34309
1143481776,26.58095
1143489177,26.46814
1143496578,26.25006
1143503978,26.45786
1143511376,26.68003
1143518777,26.76283
1143526178,26.7924
1143533580,26.35588
1143540976,26.43228
1143548377,26.46719
1143555778,26.60051
1143563176,26.61186
1143570577,26.91681
1143577978,26.81014
1143585376,26.56062
1143592777,26.40547
1143600177,26.52762
1143607577,26.37761
1143614976,26.43813
1143622376,26.54657
1143629778,26.66503
1143637177,26.17784
1143644578,27.02422
1143651978,26.76202
1143659377,26.72581
1143666778,25.93302
1143674176,26.4973
1143681579,26.28258
1143688975,26.44628
1143696378,26.52051
1143703780,27.09165
1143711178,26.55451
1143718580,26.68141
1143725978,26.46001
1143733376,26.91818
1143740778,26.5542
1143748176,25.97569
1143755577,26.64829
1143762977,26.61825
1143770377,25.77153
1143777777,26.99653
1143785176,26.24308
1143792578,26.73279
1143799977,26.69225
1143807376,26.94451
1143814778,26.17944
1143822176,26.39303
1143829578,26.431
1143836978,26.73639
1143844377,26.432
1143851776,26.60887
1143859177,26.54006
1143866579,26.8234
1143873976,26.35689
1143881376,26.71406
1143888780,26.56867
1143896176,26.35781
1143903580,26.04572
1143910976,26.27808
1143918378,26.32652
1143925777,26.09732
1143933176,26.4427
1143940579,26.51554
1143947978,26.6514
1143955379,26.80063
1143962780,26.43504
1143970176,26.50444
1143977579,26.3573
1143984978,26.68795
1143992378,26.55938
1143999776,26.65864
1144007177,26.41977
1144014579,26.41203
1144021980,26.62185
1144029377,26.42875
1144036777,26.1695
1144044177,26.62664
1144051580,26.83759
1144058977,26.49667
1144066377,26.6677
1144073778,26.47276
1144081178,26.73638
1144088579,26.39744
1144095976,26.5529
1144103378,26.33206
1144110780,26.6229
1144118176,26.5332
1144125580,26.53359
1144132976,25.70636
1144140376,26.72604
1144147776,26.40953
1144155178,26.24306
1144162579,26.47317
1144169978,26.4386
1144177377,26.4544
1144184776,26.68067
1144192176,26.28373
1144199578,25.88278
1144206977,26.7148
1144214376,26.46909
1144221776,26.54001
1144229178,26.74107
1144236578,26.63883
1144243977,26.8031
1144251376,26.21365
1144258776,26.3286
1144266176,26.88945
1144273577,26.70285
1144280976,26.416
1144288376,26.55409
1144295777,26.35115
1144303177,26.66051
1144310580,26.38056
1144317978,26.52213
1144325379,26.50509
1144332776,26.37525
1144340178,26.27054
1144347579,26.59631
1144354978,26.46569
1144362378,26.68805
1144369777,26.58221
1144377177,26.15644
1144384578,26.32547
1144391978,26.6616
1144399378,26.68055
1144406778,26.3506
1144414178,26.7892
1144421579,26.63206
1144428976,26.4952
1144436377,26.75904
1144443778,26.4159
1144451177,26.5973
1144458578,26.50906
1144465977,26.79313
1144473377,26.28079
1144480776,26.87359
1144488178,26.67257
1144495579,26.6891
1144502977,26.57335
1144510376,26.66578
1144517776,26.69072
1144525176,26.50428
1144532578,26.37033
1144539978,26.73754
1144547377,26.28095
1144554777,26.70081
1144562178,26.57321
1144569579,26.518
1144576976,26.55927
1144584378,26.41108
1144591780,26.48144
1144599178,26.60259
1144606579,26.60486
1144613977,26.38507
1144621379,26.07441
1144628777,26.55348
1144636177,26.78763
1144643579,26.43724
1144650978,26.39806
1144658377,26.47155
1144665777,26.63015
1144673176,26.51465
1144680577,26.64132
1144687977,26.33771
1144695377,26.51125
1144702777,26.50874
1144710178,26.62208
1144717580,26.58319
1144724978,26.46449
1144732377,26.46281
1144739777,26.58757
1144747178,26.35299
1144754579,26.58695
1144761976,26.82197
1144769378,26.49417
1144776779,26.88939
1144784177,26.26308
1144791578,26.11593
1144798978,26.98978
1144806378,26.59991
1144813778,26.78508
1144821178,26.32756
1144828577,26.11212
1144835978,26.62551
1144843378,26.77197
1144850777,26.36956
1144858176,26.30259
1144865580,26.66716
1144872978,26.77732
1144880377,26.44629
1144887776,26.62198
1144895177,26.73362
1144902580,26.34033
1144909977,26.7196
1144917377,26.45168
1144924776,26.50692
1144932178,26.63063
1144939578,26.66824
1144946977,26.58003
1144954376,26.59772
1144961778,26.36005
1144969178,26.39843
1144976578,26.16214
1144983976,26.54348
1144991376,26.44724
1144998776,26.82576
1145006176,26.62803
1145013578,26.74088
1145020978,26.51373
1145028378,26.49307
1145035777,26.53352
1145043178,26.61467
1145050578,26.54752
1145057977,26.5812
1145065378,26.63892
1145072777,26.24085
1145080176,26.62418
1145087579,26.37284
1145094977,26.05125
1145102376,26.64981
1145109776,26.58415
1145117176,26.30643
1145124579,26.37846
1145131976,26.5058
1145139378,26.56181
1145146777,26.65405
1145154178,26.86507
1145161579,26.41881
1145168978,26.24978
1145176377,26.81365
1145183778,26.30523
1145191177,26.41314
1145198579,26.17744
1145205978,26.41016
1145213377,26.43479
1145220776,26.66384
1145228176,27.06827
1145235579,26.6642
1145242977,26.32196
1145250378,26.44226
1145257777,26.39781
1145265177,26.3117
1145272578,26.44241
1145279978,26.44457
1145287378,26.23021
1145294776,26.77329
1145302178,26.27503
1145309580,26.66948
1145316977,26.16875
1145324376,26.28212
1145331780,26.55996
1145339178,26.19561
1145346579,26.56446
1145353978,26.64615
1145361377,26.69131
1145368777,26.90204
1145376177,26.86299
1145383579,26.76762
1145390978,26.69785
1145398377,26.31098
1145405777,26.21698
1145413176,26.38921
1145420578,26.41756
1145427977,26.37505
1145435378,26.88057
1145442777,27.57903
1145450178,26.18942
1145457581,26.09518
1145464978,26.34053
1145472378,26.56637
1145479777,26.32086
1145487178,26.56216
1145494579,26.66304
1145501977,26.78992
1145509378,26.45466
1145516778,26.42081
1145524178,26.47645
1145531580,26.27833
1145538978,26.50484
1145546376,26.78855
1145553778,26.61073
1145561177,26.00162
1145568578,26.63862
1145575977,26.02618
1145583376,26.46908
1145590778,26.59492
1145598176,26.61707
1145605578,26.57096
1145612976,26.40471
1145620378,26.38724
1145627778,26.45365
1145635177,26.54199
1145642580,26.71812
1145649978,26.48813
1145657377,26.27847
1145664776,26.2181
1145672178,26.72026
1145679579,26.5421
1145686977,27.00206
1145694377,26.83145
1145701778,26.49901
1145709176,26.52234
1145716578,26.61677
1145723977,26.63261
1145731378,26.78559
1145738778,26.46659
1145746177,26.65829
1145753579,26.45026
1145760978,26.56025
1145768378,26.48881
1145775776,26.47357
1145783177,26.44952
1145790579,26.89698
1145797977,26.68918
1145805378,26.55174
1145812776,26.31224
1145820176,26.7611
1145827578,26.22639
1145834976,26.82696
1145842376,26.34714
1145849778,26.36163
1145857178,26.37825
1145864578,26.42651
1145871977,26.75055
1145879376,26.64354
1145886776,26.7539
1145894176,26.61871
1145901579,26.4705
1145908978,26.01508
1145916378,26.75966
1145923778,26.37808
1145931177,26.55352
1145938578,26.6369
1145945976,26.54143
1145953378,26.58328
1145960777,26.67012
1145968177,26.66297
1145975580,26.6229
1145982976,26.46182
1145990378,26.53384
1145997778,26.58738
1146005177,26.9775
1146012577,26.98406
1146019977,26.38327
1146027376,26.44633
1146034778,26.61811
1146042176,26.41343
1146049580,26.53074
1146056978,26.28969
1146064376,26.39366
1146071777,26.45394
1146079177,26.62841
1146086578,26.92071
1146093978,27.1553
1146101378,26.5447
1146108780,26.45376
1146116176,26.58655
1146123579,26.2744
1146130978,26.99489
1146138378,25.86064
1146145778,26.38861
1146153176,26.90909
1146160580,26.17093
1146167978,26.62402
1146175378,26.49459
1146182778,26.23795
1146190176,26.61245
1146197579,26.71069
1146204977,26.45422
1146212377,26.54538
1146219776,26.80494
1146227180,26.51715
1146234579,26.34467
1146241977,26.46329
1146249378,26.69381
1146256778,26.42018
1146264177,26.71171
1146271579,26.75961
1146278978,26.29221
1146286379,26.87043
1146293776,26.44478
1146301176,26.63775
1146308580,26.3396
1146315977,26.75739
1146323378,26.92466
1146330777,26.30443
1146338177,26.5849
1146345578,26.33127
1146352978,26.41063
1146360376,26.64855
1146367777,26.77846
1146375176,26.57245
1146382579,26.4415
1146389977,26.55601
1146397377,26.50867
1146404777,26.93342
1146412178,26.92911
1146419579,26.35349
1146426978,26.46369
1146434379,26.31499
1146441777,26.37262
1146449177,26.49868
1146456580,26.32211
1146463978,26.69756
1146471378,26.68176
1146478780,26.60052
1146486177,26.79728
1146493580,26.40251
1146500978,26.56972
1146508378,26.50029
1146515775,26.69645
1146523178,26.36502
1146530578,26.97451
1146537976,26.63812
1146545378,26.12861
1146552778,26.75487
1146560178,26.90153
1146567579,26.59533
1146574977,26.32804
1146582376,26.36898
1146589777,26.47668
1146597179,26.61563
1146604577,26.35315
1146611978,26.44411
1146619378,26.43685
1146626778,26.64771
1146634176,26.62864
1146641578,26.38246
1146648977,26.44998
1146656379,26.63496
1146663777,26.69942
1146671178,26.59401
1146678578,26.89102
1146685976,26.48782
1146693377,26.39204
1146700776,26.36241
1146708176,26.68919
1146715579,26.1293
1146722977,26.5316
1146730376,26.89089
1146737776,26.45255
1146745177,26.53064
1146752579,26.58572
1146759977,26.31206
1146767377,26.73526
1146774778,26.46643
1146782176,26.38743
1146789580,26.61574
1146796978,26.76267
1146804379,26.57451
1146811777,26.47861
1146819177,26.68819
1146826579,26.27135
1146833977,26.68395
1146841378,26.66032
1146848776,26.60191
1146856177,26.7442
1146863577,26.19359
1146870978,26.39401
1146878377,26.30901
1146885776,26.45187
1146893176,26.47316
1146900579,26.44736
1146907977,26.46895
1146915379,26.52269
1146922778,26.64989
1146930176,26.56871
1146937579,26.60074
1146944977,26.23301
1146952377,26.50737
1146959778,26.44821
1146967176,26.69419
1146974578,26.7032
1146981978,26.72647
1146989377,26.79977
1146996777,26.66958
1147004177,26.69743
1147011579,26.60762
1147018978,26.28547
1147026376,26.30528
1147033777,26.26264
1147041176,26.40861
1147048579,26.59002
1147055978,26.85689
1147063379,26.75542
1147070776,26.75031
1147078178,26.70098
1147085578,26.61926
1147092977,26.51478
1147100376,26.54582
1147107779,25.86849
1147115176,26.45274
1147122578,26.35143
1147129977,26.59064
1147137377,26.61263
1147144778,26.49294
1147152178,26.46323
1147159578,26.0044
1147166976,26.62822
1147174377,26.64662
1147181776,26.37318
1147189176,26.14272
1147196579,26.75712
1147203978,26.49825
1147211378,26.29344
1147218776,26.15606
1147226177,26.25669
1147233579,26.77937
1147240976,26.59883
1147248378,26.75723
1147255776,26.59746
1147263178,26.33122
1147270580,26.28929
1147277977,26.5937
1147285376,26.35999
1147292779,26.47014
1147300177,26.56923
1147307579,26.44603
1147314977,26.29508
1147322377,26.16391
1147329777,26.77837
1147337177,26.8331
1147344580,26.26772
1147351977,26.32644
1147359378,26.692
1147366779,26.42218
1147374177,26.28353
1147381580,26.34705
1147388977,26.55709
1147396377,26.79041
1147403777,26.17616
1147411177,26.33229
1147418580,26.49313
1147425978,26.82763
1147433376,26.12371
1147440780,26.48953
1147448178,26.42503
1147455578,26.3808
1147462977,26.74973
1147470376,26.52706
1147477778,26.68739
1147485177,26.76469
1147492580,26.06986
1147499977,26.74343
1147507376,26.50669
1147514776,26.7776
1147522177,26.51395
1147529578,26.32194
1147536977,26.84451
1147544377,26.37457
1147551777,26.25742
1147559177,26.6362
1147566578,26.77028
1147573978,26.85988
1147581376,26.48606
1147588776,26.62703
1147596177,26.97517
1147603578,26.42546
1147610977,26.51435
1147618377,26.64545
1147625779,25.88961
1147633177,26.33829
1147640579,26.45379
1147647976,26.52353
1147655379,26.71132
1147662777,26.42586
1147670178,26.5363
1147677580,26.4147
1147684976,27.0309
1147692377,26.78917
1147699778,26.64967
1147707176,26.30303
1147714578,26.72941
1147721977,26.62692
1147729378,26.54494
1147736776,26.46498
1147744178,26.35815
1147751580,26.38619
1147758978,26.64716
1147766378,26.33859
1147773776,26.40201
1147781178,26.49038
1147788580,26.70774
1147795977,26.4973
1147803377,26.34021
1147810780,26.35616
1147818178,26.48032
1147825580,26.36445
1147832978,26.16281
1147840378,26.35729
1147847780,26.79495
1147855178,26.58092
1147862579,26.19836
1147869978,26.50056
1147877376,26.69098
1147884777,26.50112
1147892176,26.12275
1147899578,26.35481
1147906977,26.42528
1147914377,26.88671
1147921777,26.63088
1147929176,26.24944
1147936578,26.26247
1147943976,26.48451
1147951378,26.46929
1147958777,26.36831
1147966178,26.80869
1147973578,26.34024
1147980977,26.22747
1147988376,26.57925
1147995778,26.64954
1148003176,26.47239
1148010577,26.39567
1148017975,26.61547
1148025376,26.50562
1148032780,26.25225
1148040177,26.68652
1148047579,26.9472
1148054977,26.83473
1148062377,26.4914
1148069778,26.598
1148077176,26.43703
1148084580,26.72632
1148091976,26.47607
1148099378,26.32066
1148106777,26.4383
1148114178,26.90595
1148121578,26.72507
1148128978,26.65129
1148136378,26.84226
1148143779,26.7831
1148151177,26.51413
1148158579,26.54222
1148165980,26.69934
1148173378,26.5843
1148180780,26.8531
1148188178,26.97115
1148195579,26.575
1148202977,26.52699
1148210376,26.52818
1148217777,26.58434
1148225177,26.61861
1148232578,26.30714
1148239978,26.7562
1148247376,26.72538
1148254777,26.55275
1148262176,26.71766
1148269578,26.84451
1148276977,26.65874
1148284378,26.5529
1148291778,26.63058
1148299177,26.41546
1148306579,26.56142
1148313980,26.65714
1148321378,26.52665
1148328778,26.62163
1148336176,26.47936
1148343579,26.33489
1148350978,26.70957
1148358376,25.94454
1148365778,26.58502
1148373177,26.20869
1148380579,26.31971
1148387977,26.6788
1148395377,26.34641
1148402776,26.51095
1148410177,26.15353
1148417579,26.68363
1148424977,26.66995
1148432379,26.27147
1148439776,26.05961
1148447178,26.82343
1148454580,26.55943
1148461977,26.5066
1148469379,26.48134
1148476776,26.26205
1148484178,26.80865
1148491578,27.07343
1148498976,26.63547
1148506378,26.50979
1148513777,26.30251
1148521178,26.53734
1148528581,26.78672
1148535977,26.41144
1148543377,26.20759
1148550777,26.55115
1148558176,26.3185
1148565581,26.93721
1148572977,26.67018
1148580378,26.62016
1148587778,26.03639
1148595176,26.70231
1148602580,26.36424
1148609976,26.43407
1148617378,26.34252
1148624776,26.32097
1148632177,26.56958
1148639578,26.49206
1148646978,26.0839
1148654376,26.67937
1148661778,26.49466
1148669177,26.49433
1148676579,26.55443
1148683977,26.28824
1148691377,26.79505
1148698776,26.96666
1148706178,26.3701
1148713579,26.19135
1148720977,26.75545
1148728376,26.57772
1148735777,26.5987
1148743178,26.17623
1148750578,26.62767
1148757978,26.86843
1148765378,26.29985
1148772777,26.74098
1148780178,26.64116
1148787580,26.7027
1148794977,26.67826
1148802377,26.5444
1148809780,26.76096
1148817177,26.55076
1148824578,26.31841
1148831978,26.58328
1148839376,26.66592
1148846777,26.17315
1148854177,26.71382
1148861579,26.57973
1148868978,26.23298
1148876376,26.33343
1148883779,26.58542
1148891178,26.19412
1148898579,26.45706
1148905977,26.37565
1148913378,26.77984
1148920776,26.42112
1148928178,26.65907
1148935578,26.37939
1148942980,26.4334
1148950377,26.21048
1148957778,26.51653
1148965176,26.4739
1148972578,26.43363
1148979977,26.55101
1148987376,26.23838
1148994778,26.64842
1149002178,26.59818
1149009578,26.69958
1149016979,26.69692
1149024377,26.43818
1149031778,26.25791
1149039177,26.64839
1149046579,26.56141
1149053977,26.23652
1149061376,26.23186
1149068780,26.26058
1149076176,26.39356
1149083580,26.12351
1149090977,26.42261
1149098376,26.4642
1149105778,26.32493
1149113177,26.40787
1149120579,26.36433
1149127978,26.32607
1149135378,26.55973
1149142777,26.35181
1149150177,26.46456
1149157577,26.60774
1149164978,26.60227
1149172379,26.50354
1149179777,25.99866
1149187177,26.46134
1149194578,26.39495
1149201978,26.44987
1149209378,26.73478
1149216776,26.31099
1149224178,26.2779
1149231579,26.52983
1149238978,26.28473
1149246376,26.71721
1149253778,26.30896
1149261178,26.43859
1149268580,26.53989
1149275978,26.56067
1149283377,26.81269
1149290778,26.48652
1149298178,26.47366
1149305580,26.09539
1149312976,26.45566
1149320378,26.46885
1149327776,26.21203
1149335177,26.48403
1149342578,26.29559
1149349978,26.32156
1149357378,26.38602
1149364778,26.4396
1149372176,26.59756
1149379578,26.86189
1149386976,26.40614
1149394377,26.44195
1149401780,26.51515
1149409178,26.48564
1149416579,26.54701
1149423978,26.58916
1149431379,26.33503
1149438778,26.36018
1149446178,26.70997
1149453578,26.19134
1149460978,26.55491
1149468378,26.43285
1149475778,26.50709
1149483176,26.62023
1149490579,26.46119
1149497977,26.21688
1149505376,26.29057
1149512776,26.18178
1149520177,26.5928
1149527578,26.32554
1149534978,26.45179
1149542376,26.58212
1149549776,26.41796
1149557177,26.46819
1149564579,26.48482
1149571977,26.37144
1149579376,26.87882
1149586778,26.37651
1149594176,26.60115
1149601579,26.47926
1149608978,26.53583
1149616376,26.48423
1149623776,26.45164
1149631177,26.75032
1149638579,26.311
1149645978,26.63643
1149653378,26.56506
1149660779,26.43722
1149668178,26.63303
1149675578,26.4332
1149682976,26.48026
1149690377,26.92129
1149697777,26.9932
1149705176,26.64777
1149712580,26.29096
1149719977,26.12958
1149727377,26.71139
1149734776,26.31537
1149742176,26.67822
1149749581,26.10991
1149756977,26.49129
1149764376,26.67716
1149771776,26.68206
1149779177,26.48926
1149786578,26.48712
1149793978,26.75095
1149801378,26.09084
1149808780,26.4058
1149816177,26.501
1149823578,26.82441
1149830978,26.58763
1149838376,26.66474
1149845778,26.55197
1149853177,26.56365
1149860578,26.57279
1149867978,26.30512
1149875376,26.60672
1149882776,26.4274
1149890177,26.59558
1149897579,26.495
1149904978,26.60597
1149912376,26.87162
1149919778,26.16088
1149927178,26.28926
1149934580,26.99914
1149941977,26.45967
1149949377,26.53453
1149956778,26.437
1149964177,26.61107
1149971579,26.88218
1149978976,26.50492
1149986376,26.23626
1149993776,26.42425
1150001176,26.28296
1150008579,26.50695
1150015977,26.54088
1150023377,26.26741
1150030776,26.68493
1150038178,26.65847
1150045577,26.64377
1150052978,26.24078
1150060376,26.78866
1150067778,25.93326
1150075176,26.18599
1150082577,26.74399
1150089977,26.50079
1150097377,26.58563
1150104777,26.49175
1150112178,26.5501
1150119578,26.62502
1150126977,26.19378
1150134376,26.52008
1150141778,25.9705
1150149178,26.77942
1150156578,26.37685
1150163976,26.96492
1150171377,26.76827
1150178776,26.41468
1150186178,26.48458
1150193578,26.5386
1150200977,26.60431
1150208377,26.2527
1150215776,26.619
1150223176,26.68139
1150230578,26.32709
1150237977,26.98306
1150245377,26.62836
1150252777,26.75922
1150260178,26.55999
1150267577,26.59696
1150274977,26.52303
1150282377,26.33954
1150289776,26.59477
1150297178,26.44294
1150304578,26.46117
1150311976,26.51474
1150319376,26.37706
1150326776,26.51645
1150334178,26.57757
1150341577,26.39162
1150348977,26.57457
1150356377,26.33678
1150363776,26.98533
1150371178,26.15111
1150378577,26.17698
1150385976,26.42545
1150393377,26.59701
1150400778,26.4785
1150408178,26.61898
1150415579,26.4535
1150422977,27.12126
1150430376,26.18068
1150437776,26.68691
1150445178,26.669
1150452579,26.66592
1150459978,26.61125
1150467377,26.64971
1150474778,26.73617
1150482177,26.54681
1150489579,26.70846
1150496978,26.24372
1150504376,26.52394
1150511777,26.85021
1150519178,26.43404
1150526579,26.2898
1150533977,26.59089
1150541376,26.31037
1150548776,25.98673
1150556176,26.49836
1150563579,26.51299
1150570977,26.38747
1150578376,26.44538
1150585777,26.55767
1150593178,26.48245
1150600577,27.23516
1150607980,26.50898
1150615376,26.38218
1150622778,26.50971
1150630177,26.10775
1150637577,26.80781
1150644978,26.77165
1150652379,26.60521
1150659778,26.811
1150667178,26.39301
1150674577,26.51468
1150681978,26.62516
1150689379,26.20075
1150696777,26.3766
1150704177,26.48956
1150711576,26.41747
1150718978,26.59496
1150726379,26.17158
1150733777,26.7247
1150741177,26.79255
1150748577,26.4076
1150755978,26.62594
1150763378,26.85044
1150770777,26.71337
1150778176,26.57172
1150785577,26.77954
1150792977,26.70171
1150800376,26.4166
1150807777,26.60953
1150815178,26.17981
1150822578,27.25717
1150829977,26.18599
1150837376,26.16875
1150844780,26.49421
1150852178,26.58007
1150859577,26.35177
1150866976,26.44108
1150874376,26.4675
1150881778,26.30027
1150889178,26.41277
1150896576,26.32648
1150903976,26.74852
1150911378,26.63529
1150918777,26.66891
1150926178,26.73901
1150933577,26.44379
1150940977,26.5107
1150948378,26.47388
1150955778,26.52099
1150963177,26.09319
1150970576,26.5169
1150977977,26.59203
1150985376,26.62304
1150992777,26.48162
1151000177,26.36362
1151007576,26.46243
1151014977,26.65195
1151022376,26.32483
1151029777,26.34433
1151037177,26.47338
1151044576,26.5808
1151051976,26.43728
1151059378,26.57781
1151066778,26.03792
1151074177,26.48144
1151081577,26.35249
1151088976,26.47558
1151096378,26.6103
1151103777,27.01671
1151111178,26.4015
1151118576,26.22786
1151125978,27.10887
1151133378,26.69515
1151140776,26.83192
1151148178,26.32479
1151155579,26.50477
1151162977,26.63252
1151170378,26.37204
1151177777,26.59661
1151185179,26.72578
1151192577,26.45441
1151199976,26.63333
1151207378,27.13518
1151214777,26.23765
1151222177,26.24138
1151229577,26.77782
1151236977,26.16826
1151244376,26.64389
1151251778,26.33419
1151259178,26.65878
1151266576,26.43118
1151273976,26.2068
1151281378,26.79698
1151288777,26.42491
1151296176,26.37096
1151303576,26.49381
1151310977,26.97972
1151318377,26.34083
1151325776,26.32045
1151333176,26.84956
1151340576,26.62598
1151347978,26.42558
1151355377,26.94463
1151362777,25.834
1151370176,26.68828
1151377577,26.50089
1151384978,26.65671
1151392378,26.60657
1151399778,26.66289
1151407177,26.80928
1151414576,26.57425
1151421977,27.11662
1151429377,26.50733
1151436777,26.53417
1151444176,26.7045
1151451576,26.7361
1151458978,26.64356
1151466378,26.45949
1151473778,26.57656
1151481178,26.57357
1151488577,26.70539
1151495977,26.39559
1151503377,26.73853
1151510777,26.83094
1151518177,26.14569
1151525579,26.78118
1151532977,26.34283
1151540378,26.59373
1151547777,26.31734
1151555178,26.48103
1151562577,26.72626
1151569976,26.58217
1151577376,26.47427
1151584777,26.38317
1151592178,26.54673
1151599577,26.65942
1151606980,26.42353
1151614379,26.6913
1151621777,26.3432
1151629177,26.8193
1151636577,26.37806
1151643976,26.55102
1151651378,26.7087
1151658778,26.20651
1151666177,26.85223
1151673579,26.41718
1151680976,26.46339
1151688379,26.91325
1151695779,26.37748
1151703176,26.38626
1151710576,26.43555
1151717976,26.53149
1151725377,26.25403
1151732777,26.71452
1151740177,26.50479
1151747577,26.33251
1151754977,26.46736
1151762378,26.36911
1151769778,26.33315
1151777178,26.29839
1151784577,26.23807
1151791978,26.59672
1151799378,26.42737
1151806778,26.38622
1151814177,26.23126
1151821578,26.43902
1151828977,26.80746
1151836376,26.33162
1151843776,26.43574
1151851177,26.13232
1151858577,26.5513
1151865977,26.33468
1151873376,26.84685
1151880777,26.76236
1151888177,26.47487
1151895577,26.49868
1151902976,26.4564
1151910376,26.58636
1151917778,26.57619
1151925177,26.38823
1151932576,26.32472
1151939978,26.4875
1151947378,25.98265
1151954778,26.70347
1151962176,26.36485
1151969576,26.49174
1151976976,26.77378
1151984378,26.28359
1151991778,26.08545
1151999178,26.4745
1152006577,26.23668
1152013977,26.69741
1152021378,26.56015
1152028778,26.38151
1152036177,26.25792
1152043576,26.7543
1152050978,26.43253
1152058376,26.76674
1152065777,26.42933
1152073177,26.75872
1152080577,26.46655
1152087976,25.91548
1152095376,26.40108
1152102776,26.7734
1152110177,26.60437
1152117576,26.53948
1152124976,26.71501
1152132378,26.5812
1152139778,26.44868
1152147177,26.48711
1152154577,26.28106
1152161978,26.29232
1152169376,26.17252
1152176777,26.52362
1152184177,26.466
1152191579,26.39127
1152198977,26.41464
1152206378,26.40004
1152213777,26.80446
1152221177,26.78126
1152228577,26.43793
1152235976,26.68015
1152243378,26.57813
1152250778,26.5598
1152258178,26.68532
1152265576,26.75451
1152272978,26.50677
1152280377,26.41082
1152287778,26.29239
1152295178,25.89171
1152302576,26.51696
1152309976,26.31503
1152317376,26.49949
1152324777,26.61961
1152332177,26.89198
1152339577,26.35623
1152346976,26.68993
1152354378,26.57056
1152361779,26.87325
1152369176,26.31623
1152376579,26.89397
1152383978,26.33203
1152391377,26.4183
1152398777,26.80883
1152406177,26.15641
1152413576,27.29215
1152420978,26.62778
1152428376,26.65816
1152435777,26.35248
1152443177,26.61309
1152450576,26.61972
1152457977,26.69459
1152465379,26.47608
1152472777,26.62302
1152480177,26.1456
1152487577,26.42205
1152494980,26.50132
1152502378,26.64287
1152509777,26.60636
1152517178,27.1943
1152524576,26.35512
1152531977,26.52582
1152539377,26.2378
1152546777,26.00745
1152554178,26.55247
1152561576,26.3787
1152568978,26.30201
1152576378,26.02294
1152583777,26.15855
1152591176,26.86344
1152598576,26.63503
1152605978,26.46238
1152613377,26.44709
1152620777,26.55622
1152628177,26.47788
1152635576,26.72212
1152642977,26.46514
1152650378,26.49804
1152657777,26.51931
1152665177,26.6015
1152672577,26.72134
1152679977,26.50669
1152687376,27.12243
1152694777,26.34307
1152702178,26.45061
1152709577,26.54641
1152716977,26.22522
1152724378,26.51077
1152731776,26.42411
1152739178,26.58341
1152746577,26.6738
1152753976,26.60344
1152761376,26.22946
1152768777,26.77072
1152776177,26.9065
1152783576,26.37489
1152790977,26.46902
1152798378,26.44077
1152805778,26.91887
1152813177,26.45082
1152820577,26.60361
1152827978,26.76113
1152835376,26.50324
1152842777,26.54059
1152850178,26.89611
1152857577,26.2032
1152864977,26.9648
1152872376,27.01394
1152879778,26.57526
1152887178,26.94699
1152894577,26.41072
1152901978,26.80976
1152909376,26.66114
1152916780,26.75663
1152924177,26.51279
1152931579,26.29265
1152938978,26.73427
1152946377,26.66569
1152953778,26.96159
1152961178,26.39423
1152968576,26.99963
1152975978,26.29366
1152983376,26.07549
1152990777,26.28943
1152998178,26.51641
1153005577,26.60138
1153012978,26.71261
1153020378,26.2804
1153027778,26.33636
1153035177,26.5086
1153042577,27.07161
1153049976,26.39426
1153057378,26.54602
1153064777,26.34269
1153072178,26.74772
1153079577,26.60824
1153086976,26.27247
1153094377,26.54506
1153101780,26.72161
1153109176,26.90076
1153116577,26.58421
1153123978,26.55917
1153131377,26.43408
1153138778,26.49278
1153146176,26.44531
1153153577,26.63025
1153160978,26.39775
1153168378,26.72061
1153175777,26.56641
1153183178,26.54302
1153190576,26.56886
1153197976,26.5324
1153205378,26.52412
1153212778,26.3588
1153220178,26.3768
1153227576,26.20274
1153234978,26.63851
1153242376,26.5524
1153249777,26.1257
1153257177,26.63394
1153264576,25.92608
1153271978,26.54667
1153279379,27.03331
1153286778,26.40663
1153294178,26.4094
1153301576,26.63052
1153308977,26.79084
1153316376,26.37601
1153323777,26.78073
1153331177,26.21605
1153338579,26.27332
1153345978,26.46002
1153353376,26.62728
1153360777,26.66946
1153368177,26.53354
1153375576,26.63311
1153382977,26.3511
1153390379,26.64605
1153397777,26.10321
1153405178,26.5579
1153412576,26.4889
1153419978,26.10085
1153427376,26.42157
1153434777,26.15363
1153442176,26.83707
1153449579,26.51778
1153456978,26.60196
1153464377,26.80618
1153471777,26.46355
1153479178,26.22117
1153486577,26.56211
1153493976,26.54039
1153501378,26.53931
1153508778,26.44699
1153516176,26.12818
1153523576,26.47157
1153530976,26.2695
1153538378,26.80348
1153545777,25.75557
1153553177,26.47024
1153560577,26.65522
1153567976,26.40388
1153575376,26.5002
1153582778,26.3818
1153590177,26.18359
1153597576,26.2086
1153604976,26.75364
1153612378,26.59084
1153619776,26.78254
1153627176,26.31149
1153634576,26.47576
1153641978,26.56401
1153649379,27.03415
1153656779,26.59358
1153664178,26.82345
1153671576,26.25274
1153678978,26.21788
1153686377,26.77285
1153693776,26.31022
1153701177,26.59594
1153708576,26.71828
1153715978,26.62791
1153723378,26.46656
1153730777,26.54862
1153738177,26.60439
1153745576,26.4
1153752978,26.26131
1153760376,26.75809
1153767778,26.3962
1153775177,26.66535
1153782578,26.85302
1153789978,26.63611
1153797379,26.41204
1153804777,26.30089
1153812176,26.59601
1153819579,26.46213
1153826978,26.2699
1153834378,26.57777
1153841778,26.87986
1153849177,26.5598
1153856577,26.4459
1153863976,26.87409
1153871377,26.48297
1153878780,26.70823
1153886177,26.27729
1153893576,26.30829
1153900978,26.52084
1153908378,26.32495
1153915777,26.70859
1153923177,26.53256
1153930577,26.34381
1153937978,26.51615
1153945376,26.31305
1153952777,26.29064
1153960177,26.44428
1153967576,26.49673
1153974978,26.53941
1153982377,26.25215
1153989779,26.68678
1153997176,26.89085
1154004578,26.46233
1154011977,26.86423
1154019376,26.05291
1154026777,26.49682
1154034178,26.71307
1154041577,26.38663
1154048977,26.35776
1154056378,25.97923
1154063778,26.1466
1154071178,26.21853
1154078576,26.40933
1154085978,26.3504
1154093379,26.37603
1154100777,26.31096
1154108178,26.35439
1154115576,26.49738
1154122978,26.69039
1154130378,26.09167
1154137777,26.36814
1154145177,26.57805
1154152576,26.39593
1154159978,26.23134
1154167377,26.04736
1154174778,26.68112
1154182177,26.48515
1154189576,26.78531
1154196976,26.21307
1154204376,26.29292
1154211778,26.83152
1154219178,26.69329
1154226577,26.68508
1154233978,26.57527
1154241378,26.62675
1154248777,26.45609
1154256177,26.48001
1154263577,26.30379
1154270978,27.0535
1154278377,26.47618
1154285777,26.74421
1154293177,26.93742
1154300576,26.81282
1154307978,26.90131
1154315378,26.05157
1154322777,26.65556
1154330178,26.30571
1154337577,26.73712
1154344977,26.62256
1154352376,26.42967
1154359777,26.1793
1154367177,26.52678
1154374576,26.44711
1154381977,26.59225
1154389376,26.60884
1154396778,26.44325
1154404178,26.166
1154411580,26.54259
1154418978,26.40086
1154426376,26.78857
1154433777,26.60276
1154441178,26.44106
1154448577,26.19874
1154455976,26.78976
1154463378,26.22137
1154470777,26.38893
1154478177,26.52785
1154485578,26.66723
1154492978,26.38974
1154500378,26.27457
1154507777,26.06204
1154515178,26.56497
1154522576,26.06072
1154529976,26.88115
1154537376,26.37001
1154544777,26.40302
1154552178,26.74251
1154559578,26.95403
1154566977,26.51123
1154574378,25.72445
1154581778,26.36921
1154589177,26.22914
1154596576,26.47819
1154603978,26.72675
1154611378,26.44386
1154618777,26.88153
1154626177,26.34074
1154633577,26.48501
1154640978,26.71971
1154648379,26.4294
1154655777,26.50274
1154663176,26.26469
1154670577,26.25409
1154677976,26.23219
1154685378,26.28187
1154692778,26.17846
1154700178,26.75234
1154707577,26.50311
1154714978,26.52472
1154722378,26.29477
1154729778,26.57711
1154737177,26.91185
1154744577,26.52939
1154751976,25.96403
1154759378,26.53289
1154766778,26.17266
1154774177,26.43184
1154781577,26.33287
1154788977,26.42986
1154796378,26.13981
1154803777,26.46377
1154811177,26.55268
1154818576,26.54145
1154825976,26.7075
1154833378,26.28578
1154840777,26.49459
1154848177,26.48568
1154855577,26.20111
1154862980,26.782
1154870377,26.37866
1154877776,26.27718
1154885178,26.29075
1154892577,26.8056
1154899976,26.3886
1154907379,26.60396
1154914777,26.30617
1154922177,26.41213
1154929577,26.41131
1154936977,26.11472
1154944376,26.20975
1154951777,26.46594
1154959177,26.42259
1154966576,26.59477
1154973978,26.54504
1154981376,26.76179
1154988776,26.45767
1154996177,26.33175
1155003576,26.39648
1155010978,26.92361
1155018378,26.2485
1155025777,26.22424
1155033177,26.49978
1155040577,26.26871
1155047978,26.40412
1155055378,26.52638
1155062778,26.33846
1155070177,26.60566
1155077577,26.39157
1155084978,26.5998
1155092378,26.5015
1155099777,26.43117
1155107176,26.58825
1155114577,26.31944
1155121978,26.03796
1155129378,26.53608
1155136777,26.60686
1155144177,26.46527
1155151577,26.62898
1155158978,26.29397
1155166378,26.51862
1155173776,26.65812
1155181176,26.43557
1155188576,25.8747
1155195977,26.33713
1155203376,26.43652
1155210777,26.49956
1155218177,26.64212
1155225576,26.12963
1155232977,26.69306
1155240377,26.54572
1155247777,26.49237
1155255178,26.36715
1155262577,26.3559
1155269977,26.64094
1155277377,26.64211
1155284777,26.51034
1155292178,26.33192
1155299578,26.71831
1155306977,26.7175
1155314376,26.30105
1155321777,26.54596
1155329178,26.65003
1155336576,26.49033
1155343976,26.83165
1155351378,26.58789
1155358778,26.63805
1155366178,26.5591
1155373577,26.34523
1155380977,26.28449
1155388379,26.47598
1155395777,26.56453
1155403178,26.47367
1155410579,26.54186
1155417978,26.46757
1155425376,26.08838
1155432777,26.39286
1155440176,26.51139
1155447576,26.69133
1155454977,26.56106
1155462376,26.60038
1155469780,26.26941
1155477177,26.43946
1155484578,26.79024
1155491977,26.55516
1155499376,26.43349
1155506778,26.08519
1155514178,26.45419
1155521577,26.09579
1155528978,26.21944
1155536379,26.74192
1155543777,26.2164
1155551178,26.62923
1155558577,26.50998
1155565980,26.666
1155573378,26.59928
1155580777,26.4494
1155588178,26.43257
1155595577,26.37345
1155602978,26.6447
1155610376,26.18221
1155617777,26.34586
1155625178,26.30874
1155632576,26.76003
1155639977,26.59864
1155647379,26.58261
1155654778,26.77268
1155662177,26.61158
1155669576,26.6711
1155676978,26.48743
1155684378,26.46756
1155691777,26.72149
1155699177,26.25372
1155706576,26.70978
1155713976,26.40978
1155721378,26.63663
1155728778,26.50364
1155736177,26.68009
1155743577,26.52837
1155750978,26.63817
1155758376,26.54348
1155765776,26.00998
1155773177,25.89857
1155780577,25.86063
1155787979,26.50721
1155795378,26.76973
1155802777,26.48343
1155810178,26.56194
1155817576,26.37293
1155824976,26.64335
1155832378,26.15235
1155839778,26.40188
1155847178,26.58946
1155854577,26.65411
1155861975,26.4374
1155869376,26.51113
1155876777,26.81465
1155884177,26.38073
1155891577,26.83422
1155898978,26.38494
1155906376,26.54599
1155913776,26.47081
1155921178,26.52017
1155928577,26.45823
1155935978,26.60837
1155943378,26.83549
1155950777,26.78027
1155958177,26.43085
1155965576,26.79422
1155972978,26.59282
1155980378,26.47469
1155987778,26.5778
1155995176,26.389
1156002576,26.49741
1156009978,26.67921
1156017378,26.4261
1156024777,26.17117
1156032177,26.39535
1156039576,25.88386
1156046978,27.00967
1156054378,26.44815
1156061777,26.85994
1156069176,26.70694
1156076576,26.20463
1156083978,27.0254
1156091376,26.67705
1156098779,26.22022
1156106176,26.56067
1156113577,26.67635
1156120977,26.53227
1156128379,26.62476
1156135777,26.171
1156143177,26.39376
1156150576,26.33359
1156157978,26.43424
1156165376,26.54072
1156172778,26.40538
1156180177,26.38251
1156187577,26.56316
1156194976,26.70306
1156202378,26.31551
1156209777,26.34803
1156217177,26.7508
1156224577,26.58329
1156231977,26.5515
1156239378,27.16061
1156246777,26.57919
1156254177,26.66102
1156261577,26.27182
1156268976,26.51379
1156276378,26.38703
1156283777,26.84743
1156291177,26.63564
1156298576,26.66923
1156305978,26.72176
1156313378,26.68246
1156320778,26.84658
1156328178,26.88351
1156335576,26.10386
1156342977,26.05182
1156350377,26.80566
1156357778,26.42464
1156365177,26.53266
1156372579,26.25922
1156379978,26.18375
1156387378,25.66006
1156394777,26.01617
1156402177,26.35361
1156409576,26.54123
1156416978,26.12765
1156424376,26.29389
1156431777,26.31055
1156439176,26.49506
1156446577,27.05079
1156453976,26.49867
1156461378,25.97721
1156468777,26.64747
1156476177,26.65624
1156483576,26.45805
1156490978,26.30236
1156498380,26.71998
1156505778,26.59404
1156513177,26.83067
1156520576,26.48112
1156527977,26.42363
1156535380,27.06471
1156542778,26.62059
1156550176,26.94369
1156557577,26.67261
1156564977,26.66007
1156572380,26.37769
1156579777,26.58582
1156587177,26.16628
1156594576,26.37065
1156601977,26.53471
1156609381,26.76743
1156616779,26.74356
1156624177,26.17323
1156631576,26.22216
1156638978,26.64244
1156646381,27.03554
1156653777,26.9309
1156661177,26.83319
1156668577,26.52139
1156675976,26.91406
1156683378,26.4468
1156690777,26.39863
1156698177,26.41314
1156705577,26.37333
1156712976,26.77839
1156720380,26.64063
1156727778,26.54568
1156735177,26.75863
1156742576,26.1385
1156749976,26.42196
1156757380,26.61433
1156764777,27.04938
1156772177,26.20901
1156779577,26.50151
1156786976,26.37144
1156794381,26.48132
1156801777,26.25405
1156809178,26.68293
1156816578,26.75265
1156823978,26.67206
1156831377,26.53825
1156838778,26.55666
1156846177,26.59525
1156853577,26.43335
1156860978,26.47594
1156868380,26.27581
1156875777,26.66716
1156883176,26.4435
1156890576,26.85436
1156897976,26.5471
1156905380,26.42935
1156912777,26.55119
1156920177,26.58618
1156927576,26.8252
1156934976,26.86905
1156942378,26.74707
1156949777,26.9149
1156957177,26.45363
1156964576,26.21815
1156971976,26.36198
1156979378,26.40766
1156986778,26.66776
1156994178,26.67352
1157001576,26.46341
1157008978,26.21931
1157016380,26.56482
1157023777,26.12882
1157031178,26.61566
1157038576,26.23329
1157045978,26.76275
1157053381,26.72145
1157060777,26.17449
1157068177,26.62304
1157075579,26.55463
1157082976,26.53934
1157090379,25.98524
1157097777,26.74896
1157105177,26.59415
1157112577,26.3548
1157119977,26.44071
1157127379,26.48419
1157134777,26.88221
1157142177,26.15123
1157149576,26.52729
1157156978,26.37945
1157164377,26.46024
1157171777,26.46347
1157179177,26.41874
1157186577,25.84714
1157193978,26.5378
1157201379,26.79492
1157208778,26.77417
1157216177,26.44374
1157223576,26.62169
1157230976,26.73109
1157238380,26.28292
1157245777,26.63225
1157253178,26.234
1157260578,26.24354
1157267977,26.49094
1157275378,26.46985
1157282778,26.70077
1157290177,26.50797
1157297576,26.59893
1157304978,26.555
1157312379,26.43815
1157319777,26.5994
1157327178,26.66419
1157334578,26.55517
1157341978,26.77706
1157349379,26.59718
1157356777,26.12597
1157364177,26.31522
1157371576,26.0591
1157378977,26.42373
1157386381,27.18457
1157393778,26.4247
1157401178,26.59638
1157408576,26.48437
1157415977,26.50923
1157423378,26.30074
1157430776,26.24477
1157438177,26.45322
1157445577,26.26053
1157452978,26.40099
1157460381,26.33963
1157467777,26.81383
1157475177,26.32927
1157482576,26.54068
1157489977,26.74906
1157497378,26.36306
1157504778,26.24497
1157512177,26.18347
1157519576,26.53734
1157526978,26.30911
1157534377,26.49653
1157541780,26.70735
1157549177,26.23627
1157556576,26.63663
1157563980,26.3716
1157571378,26.29685
1157578777,26.68573
1157586178,26.2687
1157593577,26.78151
1157600978,26.71846
1157608378,26.36508
1157615777,27.01833
1157623177,26.31613
1157630576,26.40187
1157637976,26.48791
1157645380,26.77788
1157652777,26.56674
1157660177,26.18101
1157667577,26.54746
1157674976,26.57537
1157682378,26.52217
1157689778,26.49892
1157697177,27.03574
1157704578,26.29723
1157711976,26.67361
1157719379,26.95404
1157726776,26.89425
1157734176,25.86027
1157741577,26.51054
1157748978,26.16229
1157756378,25.99483
1157763777,26.21128
1157771176,26.2594
1157778577,26.51537
1157785977,26.66552
1157793381,26.48972
1157800777,26.62207
1157808177,26.29244
1157815577,26.84479
1157822978,26.31001
1157830380,26.4969
1157837778,26.54888
1157845178,26.93252
1157852577,26.38059
1157859978,26.65215
1157867380,26.01532
1157874778,26.49891
1157882177,26.6447
1157889577,26.60959
1157896978,26.28717
1157904381,26.3389
1157911777,26.67817
1157919177,26.83853
1157926576,26.75724
1157933978,26.68937
1157941379,26.56867
1157948778,26.64177
1157956177,26.4931
1157963577,26.56096
1157970978,26.72138
1157978379,26.67062
1157985777,26.82672
1157993176,26.49308
1158000577,26.73992
1158007978,26.80279
1158015379,26.52728
1158022778,25.97453
1158030176,26.71606
1158037577,26.63243
1158044977,26.22971
1158052381,26.6962
1158059777,26.55377
1158067177,26.66442
1158074576,26.07907
1158081978,26.75233
1158089381,26.39681
1158096778,26.62316
1158104178,26.7522
1158111577,26.47206
1158118977,26.86238
1158126378,26.68171
1158133776,26.78375
1158141178,26.42753
1158148577,26.45536
1158155976,26.31689
1158163380,26.8305
1158170777,26.6279
1158178177,26.37483
1158185577,26.78938
1158192976,26.61024
1158200379,26.5658
1158207777,25.90832
1158215177,26.75591
1158222576,26.37755
1158229976,26.4356
1158237380,26.12354
1158244777,26.91086
1158252177,26.70622
1158259576,26.22882
1158266978,26.88003
1158274380,26.56332
1158281777,26.632
1158289177,26.87739
1158296579,26.42467
1158303977,26.36746
1158311378,26.38253
1158318778,26.38703
1158326176,26.4954
1158333576,26.31175
1158340978,26.29234
1158348381,26.33961
1158355777,26.41846
1158363177,26.02024
1158370579,26.92288
1158377977,26.64588
1158385378,26.71123
1158392777,26.48665
1158400177,26.18269
1158407576,26.1969
1158414978,26.62289
1158422380,26.72504
1158429777,26.83235
1158437177,25.91018
1158444579,26.49661
1158451976,26.48343
1158459379,26.53043
1158466777,26.05216
1158474178,26.68984
1158481576,26.61499
1158488978,26.31514
1158496378,26.13569
1158503777,26.5399
1158511178,26.64686
1158518577,26.44466
1158525978,26.42801
1158533377,26.75617
1158540778,26.04529
1158548177,26.14225
1158555577,26.29663
1158562976,26.9233
1158570380,26.19197
1158577777,26.29085
1158585177,26.45639
1158592576,26.60556
1158599977,26.25804
1158607379,26.54739
1158614776,26.34079
1158622176,26.34889
1158629578,26.19972
1158636979,26.29505
1158644380,26.35817
1158651776,26.47576
1158659178,25.97107
1158666576,26.53621
1158673977,26.46741
1158681379,26.53141
1158688778,26.37606
1158696178,26.4311
1158703577,26.7013
1158710978,26.14113
1158718379,26.96091
1158725779,26.15379
1158733178,26.60005
1158740576,26.70399
1158747976,26.61686
1158755378,26.38563
1158762780,26.3657
1158770176,26.32199
1158777576,26.313
1158784977,26.63695
1158792378,26.56567
1158799777,26.51952
1158807178,26.66572
1158814577,26.29842
1158821976,26.32564
1158829380,26.29643
1158836777,26.50117
1158844176,26.33754
1158851577,26.60251
1158858976,26.34344
1158866380,26.30234
1158873777,26.66325
1158881178,26.49529
1158888576,26.31215
1158895976,26.51686
1158903380,26.46844
1158910778,26.61264
1158918178,26.47741
1158925577,26.5341
1158932977,26.32291
1158940380,26.35594
1158947777,26.62124
1158955177,26.70835
1158962576,26.25983
1158969977,26.25765
1158977381,26.30287
1158984777,26.13289
1158992178,26.47682
1158999577,26.34961
1159006976,26.26203
1159014378,26.04057
1159021777,26.43735
1159029178,26.34231
1159036580,26.4662
1159043977,26.42175
1159051377,26.48656
1159058778,26.33637
1159066178,26.25491
1159073576,26.27849
1159080977,26.64922
1159088377,26.4612
1159095778,26.43841
1159103178,26.29094
1159110576,26.60787
1159117978,26.50654
1159125377,26.81205
1159132777,26.7004
1159140177,26.22511
1159147576,26.59849
1159154978,26.17403
1159162379,26.98232
1159169776,26.72886
1159177177,26.51036
1159184576,26.23695
1159191978,26.47393
1159199379,26.80854
1159206777,25.9692
1159214177,26.74452
1159221576,26.67309
1159228978,26.51642
1159236380,26.30851
1159243777,26.40618
1159251177,26.32002
1159258576,26.75883
1159265978,26.74662
1159273378,26.67235
1159280778,26.5645
1159288178,26.77402
1159295577,26.65846
1159302977,26.3866
1159310381,26.46157
1159317777,26.36953
1159325177,26.45849
1159332577,26.78153
1159339978,26.60289
1159347378,26.77618
1159354777,26.06591
1159362178,26.65608
1159369576,26.76107
1159376977,26.36158
1159384378,26.3218
1159391777,26.36878
1159399178,27.03099
1159406576,26.88581
1159413978,26.40567
1159421378,26.32982
1159428777,26.63454
1159436177,26.55409
1159443576,26.57146
1159450977,26.1765
1159458380,26.27096
1159465778,26.67209
1159473178,26.00067
1159480579,26.64273
1159487978,26.39231
1159495381,26.683
1159502777,26.86171
1159510177,26.44036
1159517576,26.68353
1159524978,26.34758
1159532378,26.05774
1159539778,26.74992
1159547177,26.55334
1159554577,26.34943
1159561976,26.60047
1159569378,26.30247
1159576776,26.48542
1159584178,26.39917
1159591576,26.51317
1159598980,26.29047
1159606380,26.78634
1159613777,26.43329
1159621177,26.67096
1159628577,26.53782
1159635976,26.42737
1159643377,26.65428
1159650776,26.02724
1159658177,26.55321
1159665576,26.54715
1159672978,26.76414
1159680379,26.90462
1159687777,26.25231
1159695178,26.47829
1159702576,26.27902
1159709976,26.47165
1159717379,26.22022
1159724777,26.74826
1159732176,26.87128
1159739576,26.63177
1159746980,26.66359
1159754379,26.59047
1159761776,26.92407
1159769177,26.71606
1159776576,26.6885
1159783976,26.15427
1159791379,26.5381
1159798777,26.5383
1159806178,26.44898
1159813577,26.48486
1159820978,26.44839
1159828378,26.32076
1159835778,26.17135
1159843177,26.70861
1159850577,26.37811
1159857977,26.49844
1159865380,26.49777
1159872777,26.52346
1159880177,26.74409
1159887576,26.44676
1159894976,26.3739
1159902377,26.73718
1159909778,26.36157
1159917177,26.32335
1159924577,26.51085
1159931977,26.67002
1159939378,25.85099
1159946777,26.81713
1159954177,26.71892
1159961576,26.7134
1159968980,26.6467
1159976377,26.6573
1159983777,26.36348
1159991178,26.55166
1159998577,26.05146
1160005976,26.45559
1160013377,26.31101
1160020778,26.55268
1160028177,26.26235
1160035579,26.83967
1160042978,26.31568
1160050379,26.8345
1160057778,26.49878
1160065176,26.58028
1160072576,26.80412
1160079977,26.46038
1160087379,26.32269
1160094778,26.52278
1160102177,26.36551
1160109578,26.56068
1160116977,26.58045
1160124378,26.30566
1160131777,26.93247
1160139177,26.68749
1160146577,26.16582
1160153980,26.36714
1160161380,26.25603
1160168776,26.67586
1160176178,26.51342
1160183577,26.44899
1160190976,26.49294
1160198380,26.35906
1160205778,26.52953
1160213176,26.25195
1160220576,26.38463
1160227977,26.57683
1160235377,26.27753
1160242780,26.38993
1160250177,26.54944
1160257576,26.6005
1160264978,26.3493
1160272378,26.22723
1160279776,26.66112
1160287176,26.6312
1160294576,26.34492
1160301980,26.38204
1160309380,26.62931
1160316777,26.55932
1160324176,26.49086
1160331576,26.5668
1160338978,26.6463
1160346380,26.88366
1160353779,26.63938
1160361178,26.50716
1160368576,26.91412
1160375978,26.40347
1160383378,26.35695
1160390777,26.53241
1160398177,26.80119
1160405578,26.72204
1160412978,26.64341
1160420378,25.9738
1160427778,26.92381
1160435177,26.16412
1160442578,26.37694
1160449977,26.6553
1160457380,26.47999
1160464778,26.30649
1160472176,26.2582
1160479577,26.77654
1160486978,26.80559
1160494380,26.43363
1160501777,26.37191
1160509178,26.54395
1160516577,26.71697
1160523978,26.53066
1160531378,26.62943
1160538778,26.51083
1160546177,27.16247
1160553576,26.23026
1160560977,26.16236
1160568381,26.66182
1160575777,26.20316
1160583176,26.69086
1160590578,26.5282
1160597978,26.41955
1160605377,26.40048
1160612777,26.27326
1160620177,26.30628
1160627578,26.21351
1160634977,26.4691
1160642378,26.54865
1160649776,26.51316
1160657177,26.49907
1160664576,26.36067
1160671976,26.6011
1160679381,26.49141
1160686778,26.5989
1160694176,26.40983
1160701576,26.46452
1160708976,26.40965
1160716380,26.50735
1160723780,26.72727
1160731177,26.31458
1160738577,26.66152
1160745978,26.14131
1160753381,26.56643
1160760779,26.57388
1160768177,26.45322
1160775576,26.47095
1160782976,26.5393
1160790378,26.37928
1160797778,26.39614
1160805178,26.63707
1160812577,26.70772
1160819976,26.8673
1160827379,26.51052
1160834778,26.44982
1160842177,26.53449
1160849577,26.71292
1160856976,26.42182
1160864380,26.51042
1160871778,26.10128
1160879176,26.90919
1160886577,26.02682
1160893978,26.33645
1160901378,26.54123
1160908780,26.37536
1160916177,26.82027
1160923577,26.50057
1160930978,26.24473
1160938378,26.8819
1160945780,25.9783
1160953177,26.03792
1160960576,26.45444
1160967977,26.52638
1160975378,26.28715
1160982778,26.57008
1160990177,26.59144
1160997576,26.64518
1161004976,26.4872
1161012380,26.37645
1161019778,26.65402
1161027178,26.2022
1161034576,26.72522
1161041977,26.74482
1161049380,26.53496
1161056777,26.45791
1161064177,26.82874
1161071578,26.63172
1161078978,26.73238
1161086381,26.66835
1161093777,26.31556
1161101177,26.51764
1161108579,26.3169
1161115976,26.72454
1161123377,25.77519
1161130778,26.6136
1161138178,26.50519
1161145576,26.72566
1161152977,26.70543
1161160379,26.57666
1161167778,26.7041
1161175177,26.75529
1161182579,26.35725
1161189978,26.38304
1161197377,26.55977
1161204778,26.54781
1161212176,26.62876
1161219579,26.14782
1161226976,26.62221
1161234380,26.63754
1161241778,26.43873
1161249177,26.55165
1161256576,26.90144
1161263978,26.72935
1161271380,26.46666
1161278776,26.41897
1161286178,26.424
1161293579,26.37596
1161300978,26.24026
1161308378,26.5842
1161315778,26.88209
1161323176,25.94147
1161330580,26.38229
1161337977,26.3101
1161345380,26.52863
1161352778,26.27498
1161360176,26.70612
1161367577,26.57424
1161374976,26.50475
1161382380,26.77777
1161389777,26.56645
1161397177,26.48434
1161404576,26.52265
1161411976,26.77
1161419378,26.42363
1161426778,26.4814
1161434176,26.55491
1161441576,26.6511
1161448976,26.85063
1161456380,26.58688
1161463777,26.46257
1161471177,26.71153
1161478577,26.39059
1161485977,26.39502
1161493380,26.4476
1161500778,26.33772
1161508178,26.45846
1161515578,26.57333
1161522977,26.41152
1161530378,26.11695
1161537777,26.77367
1161545178,26.56628
1161552577,26.46494
1161559978,26.24713
1161567378,26.59042
1161574777,26.73632
1161582177,26.15914
1161589576,26.47462
1161596976,26.48068
1161604381,26.64724
1161611780,26.46741
1161619177,26.93751
1161626576,26.52158
1161633976,26.3665
1161641379,26.70424
1161648777,26.21885
1161656177,26.45699
1161663576,26.58367
1161670978,26.46564
1161678378,26.52957
1161685778,26.54876
1161693178,26.26353
1161700576,26.4726
1161707977,26.30179
1161715379,26.70814
1161722778,26.43425
1161730178,26.46451
1161737577,26.10802
1161744978,26.24075
1161752378,26.49091
1161759778,25.98403
1161767176,26.73131
1161774577,26.25777
1161781978,26.47198
1161789377,26.38505
1161796777,26.56345
1161804177,26.52093
1161811577,26.37438
1161818978,26.42419
1161826380,26.42857
1161833777,26.48471
1161841178,26.52161
1161848577,26.4897
1161855976,26.71917
1161863378,26.19882
1161870778,26.14706
1161878177,26.56251
1161885576,26.40438
1161892976,26.77493
1161900377,26.54072
1161907777,26.1694
1161915177,26.86594
1161922576,26.21334
1161929977,26.67077
1161937379,26.70376
1161944777,26.66841
1161952177,26.53857
1161959577,26.42104
1161966977,26.32661
1161974378,26.7838
1161981777,26.69152
1161989177,26.27717
1161996576,26.77774
1162003977,26.30799
1162011381,26.35622
1162018778,26.65146
1162026177,26.15065
1162033578,26.35178
1162040977,26.321
1162048379,26.78786
1162055777,26.37861
1162063177,26.41289
1162070578,26.30308
1162077976,26.46554
1162085378,26.738
1162092778,26.29051
1162100177,26.36736
1162107576,26.84669
1162114977,26.56489
1162122379,26.44328
1162129777,26.4189
1162137178,26.52936
1162144578,26.14964
1162151978,26.43137
1162159380,26.3991
1162166777,26.42274
1162174177,26.44658
1162181576,26.29669
1162188978,26.17008
1162196380,26.45511
1162203776,26.4014
1162211177,26.71442
1162218577,26.33978
1162225976,26.57035
1162233380,26.67167
1162240778,26.78842
1162248177,26.43603
1162255576,26.67025
1162262977,26.62282
1162270378,26.77775
1162277778,26.46004
1162285177,26.32653
1162292576,26.49864
1162299976,26.6274
1162307380,26.41199
1162314777,26.29416
1162322178,26.34745
1162329576,26.16707
1162336976,26.61806
1162344380,26.55746
1162351778,26.22776
1162359176,26.41863
1162366578,26.52825
1162373977,26.5624
1162381380,26.41325
1162388776,26.20902
1162396177,26.51462
1162403576,26.58186
1162410976,26.48191
1162418380,26.38404
1162425778,26.49307
1162433177,26.31073
1162440576,26.57887
1162447976,26.71284
1162455378,26.53874
1162462778,26.80756
1162470177,26.38919
1162477577,26.35662
1162484977,26.30752
1162492380,26.71554
1162499777,26.79437
1162507177,26.61372
1162514576,26.65889
1162521978,26.38891
1162529378,26.53465
1162536777,26.21719
1162544177,26.59429
1162551576,26.21598
1162558978,26.21026
1162566377,26.46125
1162573778,26.68852
1162581177,26.32046
1162588577,26.63942
1162595976,26.42892
1162603380,26.88146
1162610777,26.48252
1162618177,27.02328
1162625577,26.74289
1162632978,26.70724
1162640381,26.52506
1162647777,26.70505
1162655177,26.72595
1162662576,26.58666
1162669976,26.40059
1162677378,26.44011
1162684776,26.66807
1162692177,26.36152
1162699577,26.47993
1162706978,26.78164
1162714378,26.6663
1162721776,26.81846
1162729178,26.4137
1162736577,26.30935
1162743980,26.51072
1162751380,26.4711
1162758776,26.53768
1162766177,26.52665
1162773579,26.61488
1162780977,26.40673
1162788378,26.69925
1162795777,26.57519
1162803177,26.35062
1162810576,26.46456
1162817977,26.20195
1162825380,26.60801
1162832778,26.39659
1162840177,26.52217
1162847576,26.33642
1162854978,26.51999
1162862379,26.29842
1162869778,26.28909
1162877176,26.45399
1162884579,26.50599
1162891978,26.80125
1162899379,26.56334
1162906777,26.71258
1162914177,26.24448
1162921576,26.53798
1162928978,26.49554
1162936379,26.40633
1162943777,26.56267
1162951176,26.23338
1162958577,26.49799
1162965978,26.8477
1162973380,26.60772
1162980777,26.61698
1162988177,26.72118
1162995577,26.55485
1163002978,26.26802
1163010377,26.5963
1163017776,26.4988
1163025178,26.22652
1163032577,26.66462
1163039977,26.60114
1163047379,26.77277
1163054777,26.43216
1163062176,26.59983
1163069579,26.87484
1163076976,26.76306
1163084379,26.39558
1163091778,26.24578
1163099177,26.67572
1163106576,26.4112
1163113978,26.74409
1163121381,26.61563
1163128777,26.56904
1163136177,26.52539
1163143576,26.67855
1163150979,26.52842
1163158381,26.52563
1163165777,26.36478
1163173177,26.7566
1163180577,26.37029
1163187977,26.48915
1163195381,26.12971
1163202778,26.29941
1163210178,26.80513
1163217578,26.74288
1163224978,26.79567
1163232380,26.53731
1163239780,26.58467
1163247177,26.52121
1163254576,26.03944
1163261978,26.57193
1163269380,26.33563
1163276777,26.42619
1163284177,26.51861
1163291576,26.50212
1163298977,26.69867
1163306379,26.67921
1163313778,26.3088
1163321176,26.36893
1163328576,26.46805
1163335976,26.41511
1163343381,26.4129
1163350777,26.38859
1163358177,26.1707
1163365578,26.74548
1163372978,26.56195
1163380377,26.45035
1163387778,26.48903
1163395177,26.46771
1163402576,26.59459
1163409977,26.63896
1163417381,26.58977
1163424777,26.22394
1163432176,26.41632
1163439577,26.77444
1163446976,26.52914
1163454378,26.38543
1163461778,26.72853
1163469178,26.8008
1163476577,26.41676
1163483976,26.68715
1163491380,26.54577
1163498777,26.7699
1163506177,26.59374
1163513576,26.66401
1163520976,26.41184
1163528381,26.47319
1163535777,26.20945
1163543178,26.4661
1163550577,26.58122
1163557976,26.61465
1163565381,26.80785
1163572777,26.48865
1163580177,26.5628
1163587577,26.71165
1163594978,26.53415
1163602381,26.26639
1163609779,26.40187
1163617177,26.55061
1163624576,26.46003
1163631978,26.93074
1163639380,26.47317
1163646778,26.74345
1163654177,26.54922
1163661577,26.44881
1163668978,26.34563
1163676378,26.34523
1163683777,26.45943
1163691176,26.53615
1163698577,26.54177
1163705976,26.47661
1163713380,26.78593
1163720776,26.40708
1163728178,26.79052
1163735580,26.36963
1163742976,26.40301
1163750378,26.83019
1163757778,26.51963
1163765177,26.60603
1163772576,26.1677
1163779977,26.55737
1163787378,26.64787
1163794777,26.93033
1163802176,26.08983
1163809577,25.63455
1163816977,26.88308
1163824378,26.52641
1163831777,26.69625
1163839177,26.7897
1163846578,26.61819
1163853976,26.25785
1163861377,26.51158
1163868778,26.58152
1163876178,26.54016
1163883577,26.40655
1163890978,26.18598
1163898378,26.44312
1163905778,26.42283
1163913178,26.83449
1163920576,26.32646
1163927978,26.42958
1163935378,26.05773
1163942778,26.54799
1163950177,26.78346
1163957576,26.69322
1163964978,26.48691
1163972378,26.654
1163979778,26.66187
1163987177,26.93053
1163994580,26.34848
1164001977,26.58117
1164009380,26.79345
1164016778,26.4335
1164024178,26.28395
1164031576,26.39673
1164038977,26.58584
1164046377,26.50299
1164053780,26.67116
1164061176,26.70374
1164068577,26.28264
1164075978,26.34393
1164083377,26.5958
1164090778,26.51657
1164098177,26.54978
1164105577,26.5669
1164112978,26.64842
1164120378,26.40039
1164127776,26.49879
1164135176,26.47217
1164142578,26.39816
1164149977,26.53448
1164157378,26.27433
1164164777,26.72428
1164172177,26.56647
1164179576,26.48451
1164186978,26.97054
1164194377,26.74078
1164201778,26.04274
1164209178,26.39026
1164216577,26.31615
1164223978,26.72029
1164231378,26.45045
1164238777,26.43252
1164246176,26.82995
1164253576,26.54315
